22243210
208050176
253024259
2786332680
192366601
14577674
92739595
573614094
17767085
619722771
60641300
596487854
870510614
564895065
2374379546
381589533
17985566
19027999
69460004
200891084
480819245
2308277828
119713842
358541368
2588534844
1013080128
2342828544
1110022212
209746614
1103695946
186285751
760023116
137801805
2530142288
606517332
24545294
2335072347
3193057372
2322620773
148203617
3029178466
306784614
2928157826
314124391
319643753
93104234
1855864939
80425068
26923117
2523345007
2896912497
17547378
1468444788
811466430
18086006
1325479273
58169364
156166269
29212352
2485842050
2799212678
598273511
10193032
541528202
30941329
1549079918
618838167
1216894868
359094425
164446363
2562363548
25645765
1069723808
963558768
63144098
234983587
1270593702
826917031
151974058
713248940
16144298
2590185648
2417803441
2348613811
1587112117
229626038
55451509
285266292
2429401119
400341706
3202861247
20223352
3106351305
724508874
3124910283
477630671
3092144337
398694615
1584543518
453605593
14212815
236134621
161753311
79639248
411173092
367894762
42920171
169269484
146159855
2401749236
15446261
71354614
40473705
2356713720
751014138
35825023
629935450
3166214397
16312576
64569602
592730371
3008293124
2372356357
354167047
545384463
16507145
1286476045
1319633166
896456749
206930192
68888849
403996946
3156293907
42992852
1684859160
1261709593
2997046319
1273542362
96022814
844808479
2306260060
2561181990
142836009
1700178218
26889001
122727816
1497532722
28850483
379584820
19081609
456704313
2568393019
333836439
123105738
2940114656
327328066
359393256
3134143892
1023234379
1877084492
1524459854
97273575
268945745
83874130
630718803
23632213
701276502
2944395610
44812635
18227548
2827771543
2933317982
225096034
2744758230
226034021
1128368486
2923583848
3181453674
1610091
14274929
28285298
2176950644
591118709
1582379382
2885593463
1346533753
61550975
202922370
2573185411
112463254
2468194695
1634492808
2993678060
3164264843
2171371916
240099725
380632813
1408874899
2780434840
2157531548
327997854
2654079391
1932841376
68476132
2300238246
84840177
172702120
257972649
20033962
2893963691
70179245
321802670
3006440861
1377522096
171401650
17525171
789041588
27986358
37378380
3078650297
25545961
308840894
111794933
2206380480
2416724426
231612877
2192253392
3142900385
285667798
1597528543
609194464
332984400
2946693605
264728153
27449834
182653351
36453958
55521775
79328833
2728505842
2513545715
221514228
1961204214
329116074
703118421
1362893312
3140801633
107252232
2162602508
2673873422
3116298669
568775427
259744278
2600090144
21496354
153764387
371814953
360466868
16495147
221579212
546218541
69521970
29702708
2637732406
29455416
3226731065
1380649531
3164507573
2812459584
2891188802
3020278476
2454481477
3164553799
217285192
508588623
3026004561
2617731666
12335702
77517399
496704089
2432221788
2892845661
431012446
1377251935
103894408
30145123
259768936
34132585
20189287
2889173613
33962607
17031793
289012340
47792759
2475500154
2246893393
520024853
436073019
1088221974
71679902
29436551
141660582
611805975
10916492
50764434
375685781
421898902
18227863
26571417
2310509213
3020110497
518922915
3176839844
2433038449
2308397739
96915355
2350476402
3021892270
18517790
2161949366
390474423
928588472
1849667018
76337854
527291075
467022532
772461253
100334279
562485962
449962700
607150882
379134671
595892944
29381752
46170837
41276118
310280920
21639898
617474779
491236060
20816677
148894160
996924109
29575908
2787060453
21293798
2838926055
71082732
92603118
373384317
1126128368
2430847729
16859893
27785974
23573289
288561915
2183246588
18109182
592204545
29941547
132791045
397435655
3086369546
504791820
296456973
25023247
494981165
26712853
2865629974
15600407
26403610
738132763
2353070876
2566030810
825398064
214272802
1380840205
36467493
319746420
59878186
3161047854
41204528
21686067
15716527
237900600
3198352192
23433696
853699394
797688644
19393349
3040754502
52766177
55156994
3215389516
90110799
2890339153
274756435
2282765581
20738903
1090495321
2311205725
1915119973
800185183
9722722
224033636
15978300
57170795
507569734
174014135
2829822842
537557883
2469852309
117963649
29007109
1056947077
831822726
1209459595
28348226
16262030
1188068239
316986256
3102038931
43266884
1332121
94466970
427371422
217242531
2342964132
324589382
21310376
77106089
54330284
1183515122
52806577
22584243
481776566
1266996199
1272212408
32260596
3036863420
2981399370
36678591
51649475
91235270
345797577
2965117899
2191680460
3178251213
3216370643
515848552
3024878080
1370549209
886615003
276042643
1092684625
443821024
17005539
14124881
1942152170
2485973996
216349677
1485233142
723801079
862082042
36655274
2444434430
1616442367
25934849
9927682
94120963
439720967
617243657
25396236
15571981
440892430
255161359
145406993
1692742675
1687313924
2174454810
39533743
616283167
49380013
110533666
495342769
80151592
564511791
894194737
73757750
2458782775
35392568
255730745
1369304125
44674111
21144640
227462210
1279476805
492338700
1696410698
3106112695
358603618
485248079
1554298040
468736286
74024021
566735960
52597849
821853276
1064596574
424330335
196711520
307721313
23407714
43038566
503759974
27692137
46814314
1544522684
442326126
2453306481
48616562
24677493
1897278584
20302968
1199072378
227447932
316238973
24075797
542209152
257768577
362501250
21457771
26922119
65877129
214994058
52491405
486161552
231515283
15164565
2778037400
243086490
51960989
112764063
19027104
2740939937
2712326760
2465365368
69602475
98204844
865553582
23127215
86719665
1376218291
520768693
48374966
57795767
88270008
83709114
380425406
34741439
2596526472
629939403
282152133
287384774
2858517703
15359177
295439943
152808651
373664972
1959004706
17194193
3105328339
1671279828
2722180314
28585181
107619551
1228205280
38550754
456623332
544539878
1411079377
176236916
2793315562
25189615
408947952
108084471
2264093944
2151050489
1110201596
2524022013
568777982
119449131
120909061
2534382184
710782219
2540221709
389235535
45437485
2212531472
40401112
47627538
3116629269
718806295
443170774
24220954
112829724
446330142
48752517
1030131884
1213534452
2775412006
156060967
2964770091
16479537
5795122
275643699
23216009
1613655354
2307128635
299105597
2521312579
15279429
2391321926
25785671
2812310856
564073802
52544848
17720657
2904103822
318858582
1220686393
2559686884
591848794
28666551
2288813407
707204449
1083782498
237522275
7107942
231146856
44176956
331552107
82515308
214302061
29171054
1969147248
326339955
24216951
435867980
139509113
2305755044
1284435324
62868862
22930815
547390850
9056972
41147782
258112903
514028936
1205638538
2743678871
2567490956
385064514
204885019
2341072276
834129302
2915366468
26447259
390940061
2302692766
3093364127
240043424
84379455
22990243
9270692
246916678
1692992934
2155185577
3124946347
1665310124
16254381
576380334
29377968
150369714
70870451
40076725
105287097
117726650
27805116
14784757
131837378
745487052
849546828
22414794
1564388599
1340374476
172150690
199884239
58314192
225072594
218748371
2601965012
2400041565
1528543140
50042330
611376609
634017251
350308945
2149633512
48287209
17419760
896048634
2252031485
17563137
26588676
24198661
85220871
161955336
3141256713
113516042
1884853772
21085709
449328654
2583678480
1970572819
277253653
3174071831
266029316
319471130
534908447
271447589
18050601
432303658
14951979
71397194
2870144946
99012143
245071408
2894845491
245587515
199075388
160902717
127968457
209756716
221075009
1437212226
172444939
863520324
1853365830
112641607
1090268744
29517388
95176269
16361039
24421968
145757777
14579284
30271061
221595222
376036952
480511588
2921420378
2532527707
1532749405
2177472100
470703721
363400810
72247732
35632077
18848018
451678824
1443080467
504782452
37629560
44910201
15468154
2715195004
489559658
552128126
33388160
2487215745
2788015748
16988951
42388760
55656214
106991255
1393430989
2691947802
14921377
260066978
246156964
131662790
29429414
458811048
113208604
27989959
26494636
706010724
254185134
70985393
109745843
346826421
81979337
154257081
489780923
2440580797
2666499774
22208192
2712923844
1902509766
18945736
21297100
180834935
453207759
71966417
112781013
250197718
861085399
2612582106
17446621
1895665375
19009248
1248346406
20053735
29986538
180463340
14233325
309849838
94009073
321636767
20877950
322629367
222902570
3047620351
20500225
82795478
733228808
575680265
2786893580
413634324
374357782
1499762461
2364546846
604675773
15091490
31460315
607344725
1150463785
131220103
530804531
702125877
253392695
364650300
2442407743
933334849
94725954
193869635
3202834245
79056710
2859394887
112283464
36200265
1152771914
359690061
1282434895
18927441
59367251
429113174
162705721
2910441304
2983268001
2890424157
2482392931
3088127846
66355047
202890215
25129607
41187181
132984808
44533620
16330613
17643383
41666429
1575244046
1867534207
90115969
19920771
586155909
34905991
1970093960
95110124
20313994
20895383
2922512273
307883924
105230231
563175323
245587870
249501959
298190297
23742372
324077479
21219240
29802410
15888299
2600277932
113557149
152224898
87773105
3138727858
87332851
3071274936
165380027
3155220412
2556413886
1586571253
1687467968
447145921
371949558
3240888262
3124438983
2373128137
2963554252
82380749
28753871
45270993
413536210
3102037974
2530670244
555794394
21705722
36862621
2830917601
2679863268
591488678
497981416
240963561
145375210
1430609900
2618839021
211851247
1499506675
435189749
16027638
155426807
52412409
2557392890
