354635776 611990665
354635776 1242631909
354635776 2960284971
354635776 76495281
354635776 2429006790
354635776 22490294
354635776 118072089
354635776 177703283
354635776 307445751
354635776 2721306591
354635776 428384818
354635776 119454465
101343233 10282082
101343233 81328323
39903234 41033217
173336580 64570931
173336580 2896294831
173336580 197127248
173336580 2411852802
173336580 571273172
173336580 516868322
2433667077 278812963
2433667077 832472995
2433667077 824045622
2433667077 480819245
2433667077 22490294
2433667077 14892220
2433667077 17525171
2433667077 16312576
323864582 516586981
323864582 234870299
323864582 21492808
323864582 279585613
323864582 3057266991
323864582 2799217323
323864582 31140913
323864582 2926746575
323864582 2798748398
323864582 34663615
323864582 155932355
323864582 512710201
323864582 21055680
323864582 15537809
323864582 308223042
323864582 140635836
323864582 418423461
18372616 16312576
18372616 392081365
18372616 72445001
1115926537 19405086
1115926537 2896294831
1115926537 194392309
1115926537 1345648788
1115926537 49264668
1115926537 23614711
1115926537 354172611
1115926537 51345043
17301514 2208488821
17301514 154764191
17301514 317212854
17301514 50839570
21737474 13986352
21737474 37161596
21737474 46662532
21737474 17525171
21737474 16312576
39624720 2490698651
39624720 19884251
39624720 194861751
39624720 228500021
50839570 14892220
50839570 317212854
50839570 80770438
50839570 154764191
50839570 18742360
50839570 13986352
50839570 24670677
50839570 17525171
50839570 16312576
2394249235 234870299
2394249235 34663615
2394249235 14754224
2451968022 53495049
2451968022 2896294831
2451968022 2273303479
350441496 612512523
350441496 434986217
350441496 2896294831
350441496 553060532
350441496 187830708
350441496 316843317
350441496 14892220
350441496 1086500695
141435567 222931557
141435567 866419561
141435567 2896294831
141435567 103535195
141435567 317212854
141435567 346558823
141435567 2208488821
141435567 50839570
141435567 154764191
49264668 2896294831
49264668 354172611
49264668 51345043
49264668 1115926537
2253389858 2208488821
2253389858 154764191
538972199 15000492
538972199 568946399
538972199 16312576
3002353708 32812533
3002353708 2896294831
3002353708 22490294
3002353708 2987451199
3002353708 53495049
3002353708 2822515269
480819245 2433667077
480819245 217285192
480819245 1618034204
480819245 278812963
824045622 22490294
824045622 2433667077
824045622 480819245
824045622 155196867
824045622 14892220
214034487 392888385
214034487 17525171
214034487 26839592
214034487 18742360
214034487 14892220
214034487 13986352
2964394043 3033690970
2964394043 2503818606
2964394043 2805055330
2964394043 2496645174
2964394043 2493971545
2964394043 2799217323
2964394043 2926746575
2964394043 1655293610
392888385 1611464251
392888385 151518043
392888385 14892220
392888385 243614415
392888385 214034487
392888385 1216119745
392888385 26839592
392888385 187830708
392888385 18742360
392888385 17525171
392888385 16312576
392888385 253021343
392888385 13986352
217673795 2896294831
217673795 568946399
217673795 15000492
2494003213 36241120
2494003213 140635836
2653468754 2473980098
170526804 308882629
170526804 2896294831
170526804 76384556
170526804 155106356
163211349 301810758
163211349 120790661
163211349 16312576
163211349 76495281
163211349 119454465
2666020950 396872875
2666020950 856326530
2666020950 187830708
2666020950 253021343
2666020950 17525171
2666020950 2722513686
2666020950 16312576
2666020950 1441102933
2666020950 316843317
2666020950 141155085
2666020950 202623619
1392660572 17525171
1392660572 2967978669
1392660572 32812533
1392660572 611990665
1392660572 14892220
1328885857 253021343
1328885857 187830708
1328885857 141155085
237486183 3119978199
237486183 2741472555
237486183 119454465
237486183 611990665
237486183 397111561
237486183 428384818
237486183 563657327
237486183 1278062742
15362154 16970731
15362154 155932355
15362154 512710201
15362154 115103928
15362154 21351957
15362154 94460509
15362154 3057266991
15362154 44651939
15362154 38107360
15362154 21055680
15362154 15537809
15362154 409982100
15362154 17416879
15362154 516586981
15362154 73258325
15362154 180954109
15362154 90283172
346558823 2208488821
346558823 154764191
346558823 50839570
2501107820 2836429030
2501107820 417441631
2982111250 3174485969
2982111250 3077984573
2982111250 2896294831
30460018 260969984
30460018 115103928
30460018 16970731
30460018 13007812
30460018 21351957
30460018 67190925
30460018 5868352
30460018 50139838
30460018 155932355
30460018 512710201
30460018 308223042
30460018 10054832
30460018 8310002
30460018 34663615
30460018 22391532
30460018 331418917
30460018 492533551
30460018 19210640
30460018 90283172
30460018 218697713
30460018 15362154
30460018 140635836
30460018 103719492
30460018 38107360
30460018 21055680
30460018 15537809
30460018 21492808
30460018 516586981
30460018 36241120
30460018 14754224
30460018 274994281
30460018 232722610
30460018 17599607
30460018 57758942
30460018 125867143
30460018 279585613
30460018 15293352
345623571 2986004447
345623571 1083425954
345623571 2688305826
345623571 14892220
345623571 209194081
345623571 2896294831
3020296308 3177260053
3020296308 3199902923
3020296308 3164560441
3020296308 3160456561
3020296308 3160021764
3020296308 3154726308
3020296308 3147096961
3020296308 2993346170
3020296308 3123865588
3020296308 3112175140
3020296308 3102562885
3020296308 22490294
3020296308 3006265044
3020296308 3005518778
3020296308 2989123579
3020296308 2701593354
3020296308 3017403429
3020296308 3009322134
3020296308 3015140571
3020296308 3010520720
3020296308 3012714025
3020296308 3011751216
3020296308 3030809865
3020296308 3016187881
3020296308 3009685183
3020296308 3008536298
3208773749 2574176198
3208773749 2896294831
3208773749 3045913012
3208773749 3044064646
3208773749 3182130534
3208773749 119454465
2261542249 22490294
2261542249 572207383
2897066108 904276550
2897066108 53495049
2897066108 208796417
2897066108 3003186105
2897066108 14892220
2897066108 219547391
2897066108 2896294831
2897066108 354172611
198109309 2896294831
198109309 76495281
198109309 22490294
198109309 155196867
198109309 13007812
198109309 8310002
198109309 238833331
198109309 13986352
198109309 14892220
198109309 17525171
198109309 16312576
2496645174 234870299
165916807 2560894231
165916807 2896294831
165916807 1277935974
165916807 1278062742
237811848 16312576
237811848 895831303
237811848 397433002
237811848 378284630
237811848 544850298
67190925 2520892212
67190925 34663615
67190925 234870299
67190925 180954109
67190925 22391532
67190925 94460509
67190925 140635836
67190925 125867143
67190925 30460018
67190925 308223042
67190925 50139838
67190925 57758942
67190925 512710201
67190925 115103928
67190925 274994281
67190925 15537809
67190925 5868352
67190925 516586981
67190925 21492808
67190925 14754224
67190925 36241120
67190925 10054832
67190925 17416879
67190925 19210640
67190925 44651939
67190925 232722610
67190925 21351957
67190925 7230802
67190925 279585613
67190925 18422619
67190925 155932355
67190925 15293352
67190925 15362154
121309328 53495049
121309328 2896294831
121309328 275775404
121309328 60004538
121309328 313284216
121309328 14892220
121309328 354172611
46028824 18742360
46028824 17525171
354172611 119454465
354172611 904276550
354172611 79082982
354172611 2897066108
354172611 390450816
354172611 2160589173
354172611 22490294
354172611 17525171
354172611 2283709238
354172611 51567066
354172611 14892220
354172611 397433002
354172611 49264668
354172611 60004538
354172611 2721306591
354172611 16566808
354172611 2261037247
354172611 278812963
354172611 2264770356
354172611 313284216
354172611 254194753
354172611 121309328
354172611 402938543
354172611 544850298
354172611 219547391
354172611 208796417
354172611 1333518060
354172611 362234651
354172611 278173474
354172611 1115926537
354172611 51345043
354172611 24056185
354172611 480819245
354172611 305985488
354172611 587633940
354172611 112344733
354172611 155196867
354172611 7189922
1345648788 1115926537
1278062742 118072089
1278062742 1083425954
1278062742 3097991625
1278062742 2911969216
1278062742 3119978199
1278062742 259006458
1278062742 55482548
1278062742 22490294
1278062742 2896294831
1278062742 570019372
1278062742 320850121
1278062742 2560894231
1278062742 2741472555
1278062742 17525171
1278062742 1290020689
1278062742 237486183
1278062742 165916807
1278062742 24651255
1278062742 488775646
1278062742 397111561
1278062742 611990665
1278062742 563657327
72372381 2803483444
72372381 2896294831
83212449 18742360
83212449 39746141
83212449 553060532
83212449 373914599
83212449 214034487
83212449 612512523
83212449 308721189
83212449 16312576
83212449 17525171
2446026914 2361865279
2446026914 2799217323
2446026914 2520892212
142047399 194861751
142047399 1605631742
142047399 22490294
142047399 316895498
142047399 2987451199
142047399 2896294831
142047399 44891721
2178799784 24651255
2178799784 2574176198
2178799784 3174485969
2178799784 2932665212
2178799784 1419316580
2178799784 1596294794
2178799784 2447532391
397433002 208796417
397433002 904276550
397433002 16312576
397433002 1325479273
397433002 17525171
397433002 81328323
397433002 38313401
397433002 13007812
397433002 237811848
397433002 378284630
397433002 1314336656
397433002 228500021
232722610 5868352
232722610 155932355
232722610 323864582
232722610 492533551
232722610 21351957
232722610 15362154
232722610 50139838
232722610 10054832
553060532 2722513686
553060532 326331249
553060532 83212449
553060532 1086500695
553060532 434986217
553060532 373914599
553060532 1441102933
553060532 316843317
553060532 350441496
553060532 612512523
553060532 202623619
317212854 22490294
317212854 2896294831
317212854 14892220
317212854 2208488821
317212854 80770438
317212854 230075683
317212854 154764191
317212854 50839570
317212854 17525171
317212854 16312576
317212854 18742360
115103928 15362154
115103928 30460018
115103928 67190925
115103928 15537809
115103928 308223042
115103928 19210640
115103928 5868352
115103928 17416879
115103928 516586981
115103928 155932355
115103928 512710201
115103928 125867143
115103928 21055680
115103928 36241120
115103928 34663615
115103928 22391532
115103928 21351957
115103928 274994281
115103928 50139838
115103928 409982100
115103928 57758942
115103928 140635836
115103928 7230802
115103928 331418917
115103928 16970731
115103928 218697713
60004538 2896294831
60004538 17525171
60004538 14892220
60004538 354172611
60004538 121309328
2261037247 903105368
2261037247 2490698651
2261037247 2264770356
2261037247 354172611
2261037247 544850298
2261037247 316895498
2261037247 717276739
2261037247 378284630
2261037247 931215810
2261037247 278173474
2261037247 362234651
2261037247 587633940
2261037247 24056185
2261037247 16312576
21055680 155932355
21055680 2265515228
21055680 3057266991
21055680 232722610
21055680 492533551
21055680 516586981
21055680 90283172
21055680 21492808
21055680 38107360
21055680 512710201
21055680 323864582
21055680 308223042
21055680 15362154
21055680 18422619
21055680 218697713
21055680 14754224
21055680 22391532
21055680 30460018
21055680 103719492
21055680 10054832
21055680 36241120
21055680 180954109
21055680 19210640
21055680 234870299
21055680 115103928
21055680 34663615
21055680 274994281
21055680 182168899
21055680 140635836
21055680 50139838
21055680 44651939
21055680 279585613
21055680 331418917
21055680 15293352
21055680 57758942
2473980098 2477446434
2473980098 2483491746
2473980098 2805055330
2473980098 3033690970
2473980098 2653468754
81328323 472534378
81328323 3165298041
81328323 924127014
81328323 2967978669
81328323 903105368
320850121 1083425954
320850121 875495154
320850121 70001268
320850121 2223903938
320850121 2264278117
320850121 2986004447
320850121 16312576
320850121 2382784198
320850121 472243935
320850121 2896294831
320850121 563657327
320850121 1278062742
320850121 2469622939
460265684 3003186105
460265684 904276550
460265684 22490294
460265684 2896294831
460265684 14892220
194978005 126164975
194978005 875495154
194978005 55482548
194978005 2560894231
194978005 397111561
194978005 563657327
24056185 278173474
24056185 20751553
24056185 19870967
24056185 22490294
24056185 17525171
24056185 68294646
24056185 16312576
24056185 13986352
24056185 18742360
549236954 866419561
549236954 317212854
19884251 832472995
19884251 39624720
19884251 84634930
19884251 21132805
19884251 10282082
3017403429 3177260053
3017403429 3199902923
3017403429 3164560441
3017403429 3160456561
3017403429 3160021764
3017403429 3154726308
3017403429 3147096961
3017403429 2993346170
3017403429 3123865588
3017403429 3112175140
3017403429 3102562885
3017403429 3020296308
3017403429 3030809865
3017403429 3016187881
3017403429 3012714025
3017403429 22490294
3017403429 3011751216
3017403429 3010520720
3017403429 3009685183
3017403429 2574176198
3017403429 2822515269
3017403429 2905543623
3017403429 16312576
3017403429 13986352
3017403429 3008536298
3017403429 3015140571
3017403429 3009322134
3017403429 2701593354
3017403429 2989123579
3017403429 3005518778
3017403429 3006265044
38107360 19210640
38107360 17416879
38107360 492533551
38107360 10054832
38107360 279585613
38107360 103719492
38107360 21351957
38107360 274994281
38107360 516586981
38107360 50139838
38107360 15293352
38107360 16970731
38107360 34663615
38107360 3057266991
38107360 94460509
38107360 15362154
38107360 21055680
38107360 218697713
38107360 90283172
38107360 21492808
38107360 308223042
38107360 331418917
38107360 36241120
38107360 232722610
38107360 30460018
2787602128 2896294831
2787602128 2807798452
2787602128 2353079736
2787602128 17525171
516868322 2896294831
516868322 2825259262
516868322 197127248
516868322 173336580
373001254 2987451199
373001254 24670677
373001254 275775404
373001254 2896294831
373001254 22490294
373001254 17525171
373001254 14892220
373001254 18742360
373001254 16312576
2836429030 2962683026
2836429030 2842483768
2836429030 2988635099
2836429030 2361865279
2836429030 2501107820
2836429030 2236783614
2836429030 2805055330
2836429030 2298745231
355135721 2896294831
355135721 16312576
355135721 311130274
355135721 22490294
163113197 187830708
163113197 143563993
163113197 612512523
163113197 373839325
163113197 101493652
194392309 23614711
2825259262 571273172
2825259262 2896294831
2825259262 64570931
2825259262 516868322
16312576 14892220
16312576 156453883
16312576 17525171
397111561 237486183
397111561 2560894231
397111561 194978005
397111561 1278062742
397111561 1277935974
397111561 488775646
397111561 112344733
397111561 55482548
316895498 17525171
316895498 142047399
316895498 378284630
316895498 3003186105
316895498 20751553
316895498 895831303
316895498 904276550
316895498 194861751
316895498 2862295479
316895498 587633940
316895498 14892220
316895498 2490698651
316895498 931215810
316895498 18742360
316895498 16312576
316895498 2283709238
316895498 81328323
316895498 22490294
316895498 54449164
316895498 313284216
316895498 2261037247
572207383 2261542249
3042579528 3034017781
3042579528 2896294831
3042579528 1477595658
3042579528 17525171
3042579528 15000492
3042579528 16312576
19405086 2896294831
19405086 23614711
2280470815 832472995
2280470815 16312576
2280470815 2896294831
2280470815 2283709238
2280470815 1226734730
2280470815 54449164
2280470815 51567066
2280470815 14892220
2280470815 24056185
278812963 2433667077
278812963 832472995
278812963 79082982
278812963 145838509
278812963 305985488
278812963 170526804
278812963 313284216
278812963 228500021
278812963 20751553
278812963 16566808
278812963 23828209
278812963 278173474
278812963 32812533
278812963 24056185
278812963 16059507
278812963 480819245
278812963 137623023
278812963 24670677
278812963 587633940
80770438 103535195
80770438 2208488821
80770438 154764191
80770438 317212854
80770438 50839570
37640488 22490294
37640488 2987451199
37640488 53495049
37640488 2896294831
37640488 2704191223
37640488 24056185
37640488 16312576
37640488 112344733
76384556 155106356
76384556 362234651
76384556 2264770356
76384556 170526804
3057266991 22391532
3057266991 274994281
3057266991 30460018
3057266991 10054832
3057266991 18422619
3057266991 182168899
3057266991 44651939
3057266991 279585613
3057266991 516586981
3057266991 73258325
3057266991 50139838
3057266991 512710201
3057266991 218697713
3057266991 180954109
3057266991 155932355
3057266991 323864582
3057266991 103719492
3057266991 140635836
3057266991 34663615
3057266991 94460509
3057266991 234870299
3057266991 409982100
3057266991 38107360
3057266991 90283172
3057266991 15362154
3057266991 21055680
3057266991 492533551
3057266991 19210640
3057266991 331418917
3057266991 14754224
3057266991 36241120
3057266991 15293352
3057266991 21492808
3092779319 14892220
3092779319 18372616
3092779319 19210640
3092779319 125867143
3092779319 21055680
3092779319 44651939
3092779319 21351957
3092779319 140635836
3092779319 2896294831
3092779319 10054832
3092779319 15293352
3092779319 94460509
3092779319 409982100
3092779319 7230802
3092779319 53495049
3092779319 323864582
3092779319 234870299
3092779319 218697713
3092779319 3057266991
3092779319 331418917
3092779319 516586981
3092779319 21492808
3092779319 308223042
3092779319 90283172
568946399 18742360
568946399 14892220
568946399 22490294
568946399 24056185
568946399 2896294831
568946399 17525171
568946399 16312576
568946399 53495049
568946399 15000492
568946399 538972199
568946399 432595543
3077984573 2951204014
3077984573 3182130534
3077984573 3045913012
3077984573 2932665212
3077984573 2982111250
3077984573 2574176198
29925696 2896294831
29925696 17525171
29925696 22490294
29925696 14892220
347574326 41033217
347574326 2896294831
176542028 119454465
176542028 2896294831
176542028 1290020689
176542028 2721306591
176542028 428384818
3164560441 2896294831
3164560441 3177260053
3164560441 3199902923
3164560441 2701593354
3164560441 3005518778
3164560441 2989123579
3164560441 3006265044
3164560441 3112175140
3164560441 3102562885
3164560441 3123865588
3164560441 3154726308
3164560441 3147096961
3164560441 3030809865
3164560441 3020296308
3164560441 3012714025
3164560441 3017403429
3164560441 3015140571
3164560441 3010520720
3164560441 3011751216
3164560441 3016187881
3164560441 3008536298
3164560441 3009685183
3164560441 3009322134
3164560441 2993346170
3164560441 3160021764
3164560441 3160456561
2858428760 15293352
2858428760 2896294831
2858428760 30541239
2858428760 17525171
161245537 317212854
161245537 50839570
161245537 2208488821
161245537 866419561
1277935974 2960284971
1277935974 2236428912
1277935974 866419561
1277935974 2418324517
1277935974 89584882
1277935974 165916807
1277935974 611990665
1277935974 397111561
2447532391 2178799784
2447532391 2896294831
2447532391 1596294794
177703283 16312576
2160589173 832472995
2160589173 2905543623
2160589173 354172611
2160589173 53495049
2160589173 171511618
2160589173 2896294831
2160589173 313284216
2160589173 478641097
2160589173 2280470815
2160589173 63986474
2160589173 14892220
2160589173 278173474
2160589173 228500021
2160589173 2261037247
2160589173 68294646
2160589173 18742360
2160589173 22490294
2160589173 24056185
2160589173 16312576
2160589173 17525171
56443257 119454465
56443257 2987451199
56443257 275775404
56443257 2896294831
56443257 24056185
56443257 16566808
56443257 10282082
56443257 480819245
56443257 14892220
56443257 1290020689
56443257 27137884
56443257 13007812
56443257 17525171
56443257 16312576
544850298 2896294831
544850298 22490294
544850298 1603580958
544850298 2261037247
544850298 79082982
544850298 354172611
544850298 237811848
544850298 1333518060
544850298 362234651
544850298 587633940
856326530 2244261288
856326530 208822670
32248199 627418192
32248199 13986352
32248199 17525171
208822670 2896294831
208822670 1325479273
208822670 22490294
208822670 64570931
208822670 18742360
208822670 16312576
208822670 238833331
208822670 14892220
208822670 8310002
2298745231 2836429030
19210640 38107360
19210640 3033503267
19210640 21351957
19210640 2421423498
19210640 21492808
19210640 2995195624
19210640 3057266991
92603118 22490294
92603118 53495049
1249846344 2896294831
1249846344 243614415
1249846344 141155085
1249846344 187830708
271591834 2896294831
271591834 14892220
271591834 2726083622
271591834 22490294
271591834 16312576
1950329251 418603961
1950329251 119454465
1950329251 428384818
1950329251 2721306591
145838509 228500021
145838509 16566808
145838509 2896294831
145838509 22490294
145838509 17525171
145838509 278812963
145838509 13986352
145838509 313284216
145838509 24056185
14754224 15362154
14754224 279585613
14754224 2421423498
14754224 44651939
14754224 16970731
76495281 118072089
76495281 418603961
76495281 354635776
76495281 120790661
76495281 163211349
76495281 301810758
76495281 78086011
122665394 22490294
122665394 3042579528
122665394 2896294831
122665394 428384818
122665394 1477595658
17525171 273320527
3045913012 3182130534
3045913012 3077984573
3045913012 3174485969
2862295479 142047399
2862295479 3152131757
2862295479 16312576
2862295479 316895498
2862295479 13986352
2862295479 21132805
2862295479 2896294831
2862295479 22490294
2862295479 18742360
2862295479 17525171
2862295479 14892220
2862295479 81328323
267004350 16312576
267004350 2896294831
267004350 313284216
267004350 24056185
267004350 23828209
267004350 14892220
267004350 18742360
267004350 24670677
267004350 8310002
267004350 91042892
267004350 17525171
931215810 397433002
931215810 3003186105
931215810 2490698651
931215810 194861751
931215810 895831303
931215810 316895498
931215810 2803483444
931215810 2261037247
931215810 14892220
931215810 13986352
931215810 16312576
33853892 146943211
33853892 17885639
33853892 10282082
33853892 13007812
259310022 14892220
259310022 18742360
259310022 2987451199
259310022 17525171
259310022 22490294
259310022 2896294831
17885639 2896294831
17885639 81328323
17885639 33853892
17885639 13986352
17885639 16312576
17885639 17525171
3097991625 611990665
3097991625 1277935974
3097991625 1278062742
3097991625 3111886418
3097991625 2849991904
44651939 323864582
44651939 5868352
44651939 22391532
44651939 14754224
44651939 21492808
44651939 516586981
44651939 34663615
44651939 94460509
44651939 31140913
44651939 10054832
44651939 36241120
44651939 57758942
44651939 279585613
44651939 67190925
44651939 409982100
44651939 17599607
44651939 512710201
44651939 140635836
44651939 492533551
44651939 103719492
44651939 21351957
44651939 274994281
44651939 19210640
44651939 15293352
44651939 218697713
44651939 331418917
44651939 16970731
44651939 21055680
44651939 17416879
44651939 50139838
44651939 125867143
24670677 16312576
24670677 10282082
51567066 22490294
51567066 2896294831
51567066 2280470815
51567066 275775404
51567066 313284216
51567066 14892220
51567066 472534378
51567066 24056185
51567066 228500021
51567066 101343233
51567066 38313401
51567066 81328323
51567066 18742360
51567066 17525171
51567066 16312576
51567066 24670677
51567066 13986352
197127248 70676003
197127248 3092527726
197127248 64570931
197127248 173336580
197127248 516868322
55482548 2878514652
55482548 304679027
55482548 1278062742
55482548 194978005
55482548 18742360
55482548 17525171
55482548 22490294
55482548 397111561
55482548 16312576
402938543 354172611
32358893 24670677
32358893 15000492
1514224112 2896294831
186933748 13986352
186933748 238833331
208796417 397433002
208796417 79082982
208796417 2897066108
208796417 32812533
208796417 2896294831
208796417 17525171
208796417 22490294
208796417 354172611
208796417 16312576
208796417 13007812
2180073983 612512523
2180073983 186106522
2180073983 2722513686
2180073983 1441102933
2180073983 326331249
2180073983 856326530
2815836672 22490294
2815836672 2896294831
2815836672 361597690
2815836672 8310002
273881607 2721306591
273881607 2952958875
1477595658 3042579528
1477595658 122665394
1477595658 16312576
1477595658 15000492
16566808 305985488
16566808 278812963
178164261 22490294
178164261 2896294831
178164261 14892220
178164261 179133357
178164261 38313401
178164261 17525171
178164261 16312576
26839592 13986352
26839592 214034487
2463920684 140635836
2463920684 2962683026
155910701 2987451199
155910701 2896294831
155910701 41033217
13986352 472534378
13986352 2896294831
13986352 22490294
13986352 8310002
13986352 186933748
13986352 19870967
13986352 46662532
13986352 137623023
13986352 19715689
13986352 81328323
13986352 10282082
13986352 24056185
13986352 14892220
13986352 18742360
13986352 17525171
13986352 16312576
428384818 2952958875
428384818 176542028
428384818 2264278117
428384818 1290020689
228500021 397433002
228500021 10282082
228500021 25934849
228500021 19715689
14860855 146943211
187830708 1249846344
187830708 141155085
187830708 253021343
187830708 17525171
103719492 1348308115
103719492 3092779319
103719492 3126905045
103719492 94460509
103719492 38107360
103719492 3057266991
103719492 15537809
103719492 21492808
103719492 516586981
103719492 30460018
103719492 18422619
103719492 279585613
103719492 2224477148
103719492 232722610
2822515269 3207815944
2822515269 942613657
2822515269 278173474
2822515269 2951204014
2822515269 2490698651
2822515269 2905543623
2822515269 2574176198
2822515269 1220197440
2822515269 904276550
2822515269 2896294831
2822515269 576144150
2822515269 832472995
2822515269 2283709238
2822515269 14892220
2822515269 22490294
2822515269 1325479273
2822515269 1314336656
2822515269 53495049
904276550 2495978481
904276550 142047399
904276550 2897066108
904276550 521948309
904276550 2896294831
904276550 478641097
904276550 2927305860
904276550 18742360
904276550 2950866742
904276550 354172611
904276550 397433002
904276550 24056185
904276550 1714283762
904276550 2490698651
904276550 2905543623
904276550 2574176198
904276550 3003186105
904276550 460265684
904276550 17525171
904276550 260103138
904276550 2520892212
904276550 2987451199
904276550 194861751
904276550 316895498
904276550 53495049
904276550 22490294
904276550 2574660351
904276550 2311205725
904276550 2822515269
904276550 461548504
904276550 219547391
904276550 832472995
904276550 35861608
904276550 472534378
904276550 1603580958
904276550 275775404
904276550 14892220
217285192 2896294831
217285192 16312576
217285192 480819245
217285192 23614711
2887869004 1038238561
299191394 2896294831
273320527 2896294831
273320527 22490294
273320527 18742360
273320527 17525171
273320527 14892220
2617731666 2896294831
2388914772 2962683026
378284630 22490294
378284630 2490698651
378284630 316895498
378284630 228500021
378284630 38313401
378284630 2261037247
378284630 275775404
378284630 397433002
378284630 41033217
378284630 16312576
378284630 237811848
432595543 24056185
432595543 10282082
432595543 568946399
79209051 611990665
79209051 140635836
79209051 2382784198
79209051 22490294
79209051 14892220
79209051 2896294831
79209051 89584882
79209051 735566731
94460509 73258325
94460509 16970731
94460509 15362154
94460509 90283172
94460509 3057266991
94460509 15293352
94460509 38107360
94460509 36241120
94460509 10054832
94460509 31140913
94460509 44651939
94460509 409982100
94460509 155932355
94460509 21492808
94460509 14754224
94460509 2224477148
94460509 180954109
94460509 7230802
94460509 512710201
94460509 274994281
94460509 308223042
94460509 516586981
94460509 30460018
94460509 492533551
94460509 21351957
94460509 323864582
94460509 234870299
94460509 279585613
94460509 218697713
94460509 331418917
222931557 2208488821
222931557 18742360
222931557 16312576
222931557 22490294
222931557 2896294831
222931557 17525171
222931557 56315199
1973114983 278173474
1973114983 3126905045
1973114983 1867832688
1973114983 2574176198
1973114983 2822515269
1973114983 2927305860
1973114983 24056185
1973114983 2928018217
1973114983 22490294
1973114983 2896294831
1973114983 2726083622
1973114983 41033217
3092527726 896134807
3092527726 118072089
3092527726 197127248
3092527726 64570931
563657327 135734185
563657327 1083425954
563657327 2911969216
563657327 3119978199
563657327 2688305826
563657327 320850121
563657327 570019372
563657327 2741472555
563657327 237486183
563657327 194978005
563657327 1278062742
563657327 156963552
563657327 611990665
563657327 1303067208
2236428912 1277935974
2236428912 2896294831
2236428912 832472995
2236428912 2683338727
2236428912 16312576
773730930 2896294831
773730930 545036927
70001268 2382784198
70001268 2987451199
70001268 2896294831
70001268 16312576
70001268 89584882
3037180536 3126905045
2708449916 2704191223
2708449916 14892220
2708449916 18742360
2708449916 16312576
2708449916 17525171
297990783 2896294831
297990783 303131615
400256197 22490294
400256197 18742360
400256197 2896294831
400256197 17525171
400256197 14892220
202623619 2722513686
202623619 2666020950
202623619 316843317
202623619 1441102933
202623619 856326530
202623619 141155085
202623619 553060532
2722513686 553060532
2722513686 326331249
2722513686 2180073983
2722513686 243614415
2722513686 202623619
2722513686 1611464251
2722513686 2666020950
2722513686 141155085
2491529862 2962683026
1377991304 17525171
2940050071 2339613373
2940050071 633151142
2940050071 717276739
2940050071 2896294831
186106522 2180073983
186106522 2896294831
186106522 17525171
186106522 278173474
186106522 16312576
186106522 24056185
2688305826 1083425954
2688305826 2264278117
2688305826 488775646
2688305826 345623571
2688305826 320850121
2688305826 472243935
2688305826 76495281
2688305826 2986004447
2688305826 2469622939
2688305826 875495154
2688305826 563657327
2688305826 2896294831
418423461 34663615
418423461 2807798452
2799217323 323864582
2799217323 140635836
2967978669 307445751
2967978669 24056185
2967978669 17525171
2967978669 16312576
2967978669 81328323
2967978669 1392660572
2967978669 53495049
2967978669 152995321
2967978669 279485686
2967978669 428384818
2967978669 14892220
2967978669 22490294
17416879 2265515228
17416879 38107360
17416879 50139838
17416879 21055680
17416879 155932355
17416879 21492808
17416879 409982100
17416879 308223042
17416879 274994281
17416879 15362154
17416879 331418917
17416879 180954109
17416879 14754224
17416879 30460018
17416879 232722610
17416879 10054832
17416879 115103928
17416879 36241120
17416879 57758942
17416879 218697713
17416879 492533551
17416879 19210640
17416879 125867143
17416879 17599607
17416879 182168899
17416879 18422619
17416879 140635836
17416879 31140913
17416879 234870299
17416879 279585613
17416879 67190925
17416879 103719492
17416879 15293352
17416879 44651939
17416879 16970731
304679027 64570931
304679027 55482548
304679027 17525171
2807798452 1611464251
2807798452 2840575305
2807798452 2787602128
2807798452 418423461
194861751 2987451199
194861751 142047399
194861751 1605631742
194861751 895831303
194861751 3003186105
194861751 2490698651
194861751 14892220
194861751 904276550
194861751 21132805
194861751 931215810
194861751 316895498
194861751 22490294
194861751 39624720
194861751 17525171
194861751 18742360
194861751 24056185
194861751 16312576
2339613373 2940050071
2339613373 2987451199
2339613373 2896294831
2339613373 717276739
50139838 17416879
50139838 38107360
50139838 140635836
50139838 232722610
50139838 308223042
50139838 30460018
50139838 21351957
50139838 67190925
50139838 22391532
50139838 14754224
50139838 323864582
50139838 21492808
50139838 16970731
50139838 5868352
50139838 15362154
50139838 36241120
50139838 34663615
50139838 218697713
50139838 516586981
50139838 17599607
50139838 18422619
50139838 115103928
50139838 512710201
50139838 81328323
50139838 7230802
50139838 125867143
50139838 180954109
50139838 57758942
50139838 19210640
50139838 31140913
50139838 492533551
50139838 409982100
50139838 21055680
50139838 274994281
50139838 103719492
50139838 15293352
50139838 234870299
50139838 331418917
50139838 44651939
243614415 141155085
243614415 3066081113
243614415 1086500695
243614415 253021343
243614415 1249846344
243614415 2722513686
243614415 187830708
243614415 1611464251
243614415 436351747
243614415 2244261288
243614415 392888385
243614415 627641412
156963552 2560894231
156963552 866419561
156963552 563657327
156963552 135734185
156963552 145960332
266842855 53495049
22391532 44651939
22391532 50139838
22391532 359531671
22391532 274994281
22391532 323864582
22391532 90283172
22391532 30460018
22391532 308223042
22391532 67190925
22391532 140635836
22391532 18422619
22391532 15293352
22391532 21055680
22391532 2265515228
22391532 19210640
22391532 15537809
2798748398 2962683026
2281474801 428384818
2281474801 866419561
2281474801 2987451199
2281474801 16312576
2281474801 1277935974
2281474801 2896294831
361597690 2574176198
361597690 2896294831
361597690 22490294
361597690 2815836672
2574660351 14892220
2574660351 24670677
2574660351 22490294
2574660351 156453883
2574660351 278173474
2574660351 904276550
2574660351 2896294831
2574660351 1325479273
2574660351 16312576
2574660351 53495049
119454465 2952958875
119454465 354635776
119454465 2721306591
119454465 2429006790
119454465 307445751
436351747 253021343
436351747 243614415
436351747 187830708
436351747 627641412
436351747 16312576
436351747 17525171
436351747 308721189
436351747 151518043
3160021764 3023896202
3160021764 3177260053
3160021764 3199902923
3160021764 3164560441
3160021764 3154726308
3160021764 2993346170
3160021764 16312576
3160021764 3008536298
3160021764 3102562885
3160021764 3010520720
3160021764 2701593354
3160021764 3015140571
3160021764 3123865588
3160021764 3016187881
3160021764 2989123579
3160021764 3012714025
3160021764 3005518778
3160021764 3011751216
3160021764 3112175140
3160021764 3020296308
3160021764 3009685183
3160021764 3030809865
3160021764 3017403429
3160021764 3006265044
3160021764 3009322134
3160021764 3160456561
308488966 84296952
308488966 2896294831
308488966 154764191
308488966 2208488821
308488966 866419561
3207815944 49990544
3207815944 32812533
3207815944 41033217
3207815944 1377991304
3207815944 22490294
3207815944 2951204014
3207815944 158041059
3207815944 24670677
3207815944 316895498
3207815944 2283709238
3207815944 307445751
3207815944 89584882
3207815944 1277935974
3207815944 2236428912
3207815944 1314336656
3207815944 832472995
3207815944 2822515269
3207815944 2574176198
3207815944 16312576
3207815944 1443919680
3207815944 2853829540
3207815944 2986004447
3207815944 2905543623
3207815944 2896294831
3207815944 428384818
3207815944 875495154
2701593354 3177260053
2701593354 3199902923
2701593354 3164560441
2701593354 3160456561
2701593354 3160021764
2701593354 3154726308
2701593354 3147096961
2701593354 3123865588
2701593354 3112175140
2701593354 3102562885
2701593354 3020296308
2701593354 3030809865
2701593354 3016187881
2701593354 3012714025
2701593354 22490294
2701593354 3011751216
2701593354 3010520720
2701593354 3009685183
2701593354 3017403429
2701593354 3015140571
2701593354 3009322134
2701593354 3008536298
2701593354 3006265044
2701593354 3005518778
2701593354 2993346170
2701593354 2989123579
612512523 2180073983
612512523 350441496
612512523 2896294831
612512523 1042334540
612512523 163113197
612512523 373839325
612512523 326331249
612512523 373914599
612512523 553060532
612512523 1086500695
612512523 434986217
612512523 1441102933
64137996 14892220
64137996 22490294
141155085 243614415
141155085 1328885857
141155085 2666020950
141155085 187830708
141155085 856326530
141155085 24056185
141155085 358182341
141155085 253021343
141155085 155196867
32670485 2160589173
32670485 2905543623
32670485 24056185
32670485 2896294831
32670485 91042892
32670485 52319005
576144150 2905543623
576144150 2822515269
118072089 735566731
118072089 2952958875
118072089 48940419
118072089 3092527726
118072089 1242631909
118072089 76495281
118072089 1867832688
118072089 2721306591
118072089 1290020689
118072089 17525171
118072089 2429006790
118072089 611990665
118072089 307445751
118072089 22490294
118072089 89584882
118072089 1277935974
118072089 119454465
118072089 16312576
362234651 259006458
362234651 76384556
362234651 2261037247
362234651 1603580958
362234651 81328323
362234651 544850298
362234651 155196867
362234651 313284216
52319005 32670485
109237024 152995321
254563108 2896294831
254563108 70676003
254563108 187830708
254563108 16312576
2928018217 1973114983
63986474 2896294831
2520892212 67190925
2520892212 2988635099
2520892212 904276550
2520892212 2503793773
2520892212 2463920684
2520892212 2493971545
2520892212 2446026914
2520892212 2411750658
2520892212 2799217323
2520892212 2653468754
2520892212 2798748398
2520892212 2532961218
2520892212 2704191223
2520892212 2483491746
2520892212 2453779782
2520892212 2849633188
2283709238 3003186105
2283709238 3059115785
2283709238 22490294
2283709238 2905543623
2283709238 354172611
2283709238 2822515269
2283709238 2418324517
2283709238 14892220
2283709238 81328323
2283709238 316895498
2283709238 313019411
2283709238 275775404
2283709238 587633940
2803483444 472534378
2803483444 430589068
2803483444 72372381
2803483444 14892220
2803483444 16312576
2803483444 18742360
2803483444 17525171
2803483444 931215810
2987451199 194861751
2987451199 120790661
2987451199 904276550
2987451199 3003186105
2987451199 279485686
2987451199 275775404
2987451199 1950329251
2987451199 259310022
2987451199 155910701
2987451199 1719313598
2987451199 832472995
2987451199 22490294
2987451199 142047399
2987451199 2932665212
2987451199 55482548
2987451199 576144150
2987451199 2547261330
2987451199 2574176198
2987451199 2960284971
2987451199 418603961
2987451199 1290020689
2987451199 16312576
2987451199 1220197440
2987451199 179133357
2987451199 2896294831
2987451199 2951204014
2987451199 717276739
2987451199 2339613373
2987451199 1277935974
2987451199 263238658
2987451199 70001268
2987451199 2311205725
2987451199 2186212338
2987451199 2469622939
2987451199 461548504
2987451199 320061108
2987451199 320020660
2987451199 449989526
2987451199 2236629973
2987451199 235033585
5868352 323864582
5868352 44651939
5868352 232722610
5868352 21492808
5868352 30460018
5868352 274994281
5868352 512710201
5868352 21351957
5868352 67190925
5868352 140635836
5868352 308223042
5868352 46662532
5868352 115103928
5868352 331418917
5868352 10054832
5868352 22391532
5868352 36241120
5868352 15362154
5868352 50139838
5868352 31140913
5868352 57758942
5868352 409982100
5868352 180954109
5868352 14754224
5868352 18422619
5868352 19210640
5868352 125867143
5868352 218697713
5868352 17599607
5868352 15293352
5868352 34663615
377330497 17525171
377330497 16312576
377330497 53495049
377330497 2896294831
377330497 1038238561
377330497 13986352
377330497 24056185
1042334540 214034487
1042334540 17525171
1042334540 1441102933
1042334540 373914599
279585613 38107360
279585613 14754224
903105368 2261037247
903105368 194861751
903105368 142047399
903105368 3003186105
903105368 316895498
903105368 21132805
903105368 39624720
903105368 2490698651
903105368 478641097
903105368 81328323
903105368 2896294831
903105368 16312576
903105368 275775404
903105368 17525171
903105368 1314336656
903105368 22490294
903105368 54449164
903105368 112344733
903105368 14892220
903105368 13986352
3033690970 180954109
3033690970 2473980098
3033690970 34663615
18422619 516586981
18422619 21351957
18422619 308223042
18422619 409982100
18422619 21492808
18422619 73258325
18422619 512710201
18422619 15537809
18422619 22391532
18422619 2224477148
18422619 21055680
18422619 331418917
18422619 232722610
18422619 274994281
18422619 492533551
18422619 90283172
18422619 5868352
18422619 180954109
18422619 36241120
18422619 103719492
18422619 323864582
18422619 17416879
18422619 182168899
18422619 50139838
18422619 44651939
18422619 155932355
18422619 140635836
18422619 57758942
18422619 279585613
18422619 31140913
18422619 19210640
18422619 67190925
18422619 125867143
18422619 234870299
18422619 14754224
18422619 218697713
18422619 34663615
2311205725 194861751
2311205725 24056185
2311205725 18742360
2311205725 2905543623
2311205725 2987451199
2311205725 832472995
2311205725 54449164
2311205725 904276550
2311205725 2896294831
2311205725 14892220
2311205725 480819245
2311205725 24670677
2311205725 16312576
2311205725 17525171
1038238561 2887869004
1038238561 308721189
1038238561 377330497
866419561 2208488821
866419561 107058267
866419561 549236954
866419561 308488966
866419561 2896294831
866419561 356668367
866419561 133081403
866419561 161245537
866419561 1277935974
866419561 339115312
866419561 135734185
866419561 531887381
866419561 84296952
866419561 156963552
866419561 89584882
326331249 563450912
326331249 187830708
326331249 3066081113
326331249 2722513686
326331249 143563993
326331249 553060532
326331249 2180073983
326331249 612512523
326331249 358182341
326331249 316843317
326331249 1441102933
326331249 141155085
326331249 856326530
2932665212 84296952
2932665212 3208773749
2932665212 2253389858
2932665212 3044064646
2932665212 2178799784
2932665212 3174485969
2932665212 866419561
2932665212 3077984573
2932665212 2574176198
2932665212 2987451199
2932665212 2896294831
2932665212 2447532391
2932665212 24651255
3147096961 3177260053
3147096961 3199902923
3147096961 3164560441
3147096961 3160456561
3147096961 3160021764
3147096961 3154726308
3147096961 3102562885
3147096961 2701593354
3147096961 3015140571
3147096961 2989123579
3147096961 3016187881
3147096961 3123865588
3147096961 3005518778
3147096961 3020296308
3147096961 3112175140
3147096961 3030809865
3147096961 3006265044
3147096961 3009322134
3147096961 3017403429
3147096961 3010520720
3147096961 3011751216
3147096961 3012714025
3147096961 41033217
3147096961 3008536298
3147096961 3009685183
46662532 56443257
46662532 14124881
46662532 14892220
46662532 21737474
1714283762 2987451199
1714283762 22490294
1714283762 2896294831
157801354 2896294831
735566731 48940419
735566731 50139838
735566731 2896294831
735566731 79209051
735566731 118072089
735566731 866419561
735566731 307445751
735566731 119454465
735566731 89584882
735566731 16312576
735566731 13007812
49990544 3207815944
49990544 41033217
49990544 32812533
49990544 2822515269
49990544 2905543623
49990544 2283709238
49990544 3126905045
49990544 2574176198
49990544 2896294831
49990544 53495049
49990544 22490294
49990544 155196867
101493652 24056185
449989526 2987451199
449989526 22490294
449989526 2896294831
2952958875 48940419
2952958875 119454465
2952958875 1242631909
2952958875 273881607
2952958875 2896294831
2952958875 428384818
24976285 2896294831
24976285 16312576
154764191 16312576
154764191 14892220
154764191 2208488821
154764191 317212854
154764191 50839570
312394656 64570931
2483491746 2473980098
2853829540 611990665
30346151 10054832
15293352 38107360
15293352 3057266991
15293352 1348308115
15293352 94460509
15293352 308223042
135734185 563657327
135734185 161245537
135734185 866419561
135734185 2208488821
135734185 156963552
15000492 14892220
15000492 17525171
179133357 2896294831
179133357 38313401
179133357 14892220
179133357 16312576
179133357 178164261
2896294831 3003186105
2896294831 834672494
2896294831 339115312
2896294831 70001268
2896294831 137623023
2896294831 1514224112
2896294831 229700807
2896294831 63986474
2896294831 2987451199
2896294831 279485686
2896294831 177703283
2896294831 377330497
2896294831 1605631742
2896294831 320850121
2896294831 22490294
2896294831 303131615
2896294831 2574187433
2896294831 179133357
2896294831 2273303479
2896294831 79209051
2896294831 217673795
2896294831 373001254
2896294831 2264770356
2896294831 752281441
2896294831 1420416720
2896294831 171511618
2896294831 29925696
2896294831 832472995
2896294831 13940582
2896294831 521948309
2896294831 273320527
2896294831 271591834
2896294831 587633940
2896294831 51345043
2896294831 942613657
2896294831 1443919680
2896294831 157801354
2896294831 260103138
2896294831 299191394
2896294831 26969693
2896294831 79082982
2896294831 16312576
2896294831 89584882
2896294831 17885639
2896294831 400256197
2896294831 53495049
2896294831 78086011
2896294831 2683338727
2896294831 2418324517
2896294831 18742360
2896294831 121309328
2896294831 2666020950
2896294831 396872875
2896294831 773730930
2896294831 2617731666
2896294831 2281474801
2896294831 235033585
2896294831 320061108
2896294831 2927305860
2896294831 248880082
2896294831 461548504
2896294831 347574326
2896294831 717276739
2896294831 2311205725
2896294831 49264668
2896294831 2952958875
2896294831 92603118
2896294831 30541239
13940582 22490294
2273303479 2896294831
2273303479 2451968022
418603961 1950329251
418603961 76495281
418603961 2960284971
418603961 1657695168
418603961 2721306591
418603961 307445751
418603961 1290020689
418603961 119454465
418603961 2236428912
3005518778 3177260053
3005518778 3199902923
3005518778 3164560441
3005518778 3160456561
3005518778 3160021764
3005518778 3154726308
3005518778 3147096961
3005518778 3123865588
3005518778 3112175140
3005518778 3102562885
3005518778 3020296308
3005518778 3030809865
3005518778 3016187881
3005518778 3012714025
3005518778 22490294
3005518778 2896294831
3005518778 18742360
3005518778 3011751216
3005518778 3010520720
3005518778 3009685183
3005518778 3017403429
3005518778 3015140571
3005518778 3009322134
3005518778 2993346170
3005518778 3008536298
3005518778 3006265044
3005518778 2989123579
3005518778 2701593354
1035967069 2223903938
1035967069 472243935
1035967069 76495281
1035967069 2896294831
1657695168 2896294831
1657695168 418603961
1216119745 253021343
1216119745 627641412
1216119745 151518043
1216119745 1086500695
1216119745 187830708
1216119745 392888385
2532961218 2491529862
13007812 17525171
13007812 16312576
2429006790 176542028
2429006790 307445751
2429006790 2952958875
2429006790 354635776
2429006790 118072089
2429006790 119454465
2905543623 34663615
2905543623 3126905045
2905543623 2311205725
2905543623 2418324517
2905543623 904276550
2905543623 2896294831
2905543623 3017403429
2905543623 2951204014
2905543623 2160589173
2905543623 2574176198
2905543623 24056185
2905543623 2283709238
2905543623 32812533
2905543623 2490698651
2905543623 576144150
2905543623 14892220
2905543623 32670485
2905543623 13986352
2905543623 832472995
2905543623 2822515269
2905543623 22490294
478641097 2490698651
478641097 17525171
478641097 21132805
478641097 904276550
478641097 2896294831
478641097 2160589173
478641097 2261037247
478641097 20751553
478641097 313284216
478641097 24056185
311130274 53495049
311130274 2469622939
311130274 355135721
311130274 2896294831
311130274 41033217
311130274 156020312
311130274 17525171
311130274 16312576
311130274 24056185
311130274 316895498
356668367 2967978669
356668367 22490294
356668367 18742360
356668367 2896294831
356668367 154764191
356668367 17525171
356668367 14892220
356668367 2560894231
356668367 103535195
356668367 54449164
356668367 222931557
356668367 56315199
356668367 50839570
356668367 24056185
356668367 611990665
356668367 16312576
356668367 317212854
356668367 428384818
356668367 2208488821
356668367 866419561
248880082 2896294831
2236629973 2987451199
2236629973 2896294831
461548504 3003186105
461548504 2490698651
461548504 2987451199
461548504 2896294831
461548504 17525171
461548504 16312576
461548504 904276550
2988635099 2787602128
2988635099 2520892212
2988635099 16312576
2988635099 8310002
2988635099 2836429030
2224477148 232722610
2224477148 90283172
2224477148 492533551
2224477148 331418917
2224477148 21055680
2224477148 15362154
2224477148 103719492
2224477148 36241120
2224477148 10054832
2224477148 31140913
2224477148 57758942
2224477148 323864582
303131615 2987451199
303131615 2896294831
303131615 297990783
260103138 53495049
260103138 904276550
260103138 2896294831
260103138 22490294
158041059 273881607
158041059 119454465
158041059 3207815944
158041059 2721306591
158041059 2896294831
158041059 428384818
373914599 373839325
373914599 17525171
373914599 101493652
373914599 2896294831
373914599 350441496
373914599 214034487
373914599 553060532
373914599 1086500695
373914599 141155085
373914599 187830708
373914599 434986217
373914599 396872875
373914599 1441102933
373914599 316843317
373914599 612512523
373914599 1042334540
16970731 94460509
16970731 38107360
16970731 140635836
16970731 21492808
16970731 15362154
16970731 67190925
16970731 492533551
16970731 22391532
16970731 31140913
16970731 15293352
16970731 279585613
16970731 180954109
16970731 90283172
16970731 512710201
16970731 36241120
16970731 274994281
16970731 308223042
16970731 516586981
16970731 7230802
16970731 409982100
16970731 14754224
16970731 17599607
16970731 73258325
16970731 21351957
16970731 182168899
16970731 323864582
16970731 155932355
16970731 44651939
16970731 115103928
16970731 19210640
16970731 50139838
16970731 234870299
16970731 103719492
16970731 17416879
16970731 218697713
16970731 57758942
16970731 331418917
235033585 2987451199
235033585 2896294831
235033585 22490294
235033585 41033217
2186212338 2987451199
2186212338 2896294831
2186212338 22490294
156453883 1290020689
156453883 10282082
156453883 16312576
156453883 112344733
156453883 155196867
180954109 15362154
180954109 234870299
180954109 44651939
180954109 182168899
180954109 3033690970
2236783614 2836429030
25934849 228500021
25934849 19870967
25934849 24056185
25934849 10282082
25934849 19715689
25934849 18742360
25934849 13986352
25934849 13007812
25934849 17525171
25934849 16312576
263238658 17525171
263238658 2987451199
263238658 53495049
263238658 2896294831
263238658 13007812
2760178693 3044064646
54449164 2430751909
54449164 316895498
54449164 24056185
54449164 81328323
54449164 22490294
54449164 155196867
54449164 32248199
54449164 16312576
54449164 17525171
54449164 14892220
54449164 24670677
54449164 53495049
313019411 587633940
313019411 2896294831
313019411 2283709238
3177260053 2896294831
3177260053 22490294
3177260053 3164560441
3177260053 3030809865
3177260053 3009685183
3177260053 3020296308
3177260053 3160456561
3177260053 3112175140
3177260053 3160021764
3177260053 3011751216
3177260053 3005518778
3177260053 3012714025
3177260053 2989123579
3177260053 3154726308
3177260053 3016187881
3177260053 3123865588
3177260053 3015140571
3177260053 2701593354
3177260053 3010520720
3177260053 3102562885
3177260053 3008536298
3177260053 3006265044
3177260053 3017403429
3177260053 2993346170
3177260053 3199902923
3177260053 3009322134
3177260053 3147096961
208041817 72445001
1603580958 2987451199
1603580958 17525171
1603580958 22490294
1603580958 2896294831
1603580958 904276550
1603580958 544850298
1603580958 362234651
563450912 326331249
563450912 2896294831
563450912 627418192
151518043 392888385
151518043 627641412
151518043 436351747
151518043 308721189
151518043 13986352
151518043 17525171
2418324517 3003186105
2418324517 2905543623
2418324517 14892220
2418324517 2896294831
2418324517 22490294
2418324517 2283709238
2418324517 633151142
2418324517 1277935974
2726083622 326331249
2726083622 1973114983
2726083622 271591834
2726083622 1333518060
31140913 323864582
31140913 21492808
31140913 516586981
31140913 15537809
31140913 44651939
31140913 512710201
31140913 274994281
31140913 15362154
31140913 155932355
31140913 182168899
31140913 57758942
31140913 50139838
31140913 34663615
31140913 218697713
31140913 22391532
31140913 492533551
31140913 279585613
31140913 7230802
31140913 140635836
31140913 36241120
31140913 17599607
31140913 17416879
31140913 14754224
31140913 8310002
31140913 18422619
31140913 19210640
31140913 125867143
31140913 15293352
155106356 76384556
155106356 170526804
2842483768 34663615
320020660 3003186105
320020660 24056185
320020660 21132805
320020660 275775404
320020660 2987451199
320020660 2822515269
320020660 2896294831
320020660 41033217
320020660 155196867
320020660 17525171
320020660 14892220
320020660 313284216
320020660 22490294
320020660 16312576
2361865279 2836429030
2361865279 2446026914
1220197440 2987451199
1220197440 41033217
1220197440 32812533
1220197440 2822515269
1220197440 2896294831
1220197440 22490294
1220197440 275775404
1220197440 23828209
1220197440 1314336656
1220197440 1325479273
254194753 2987451199
254194753 2896294831
254194753 18742360
254194753 14892220
254194753 354172611
254194753 16312576
308223042 10054832
308223042 50139838
308223042 140635836
308223042 30460018
308223042 67190925
308223042 18422619
308223042 21351957
308223042 21055680
308223042 15537809
308223042 14754224
308223042 15293352
627641412 1216119745
627641412 1611464251
627641412 436351747
627641412 243614415
627641412 308721189
627641412 187830708
627641412 392888385
627641412 151518043
627641412 253021343
301810758 163211349
301810758 2896294831
301810758 76495281
21492808 73258325
21492808 323864582
21492808 44651939
21492808 3057266991
21492808 19210640
21492808 21351957
21492808 5868352
21492808 409982100
21492808 140635836
21492808 103719492
21492808 17416879
21492808 21055680
21492808 492533551
21492808 234870299
21492808 31140913
21492808 182168899
21492808 14754224
21492808 57758942
21492808 38107360
21492808 308223042
21492808 94460509
21492808 67190925
21492808 50139838
21492808 125867143
21492808 15537809
21492808 512710201
21492808 274994281
21492808 516586981
21492808 232722610
21492808 34663615
21492808 30460018
21492808 18422619
21492808 331418917
21492808 90283172
21492808 15362154
21492808 36241120
21492808 218697713
21492808 155932355
21492808 22391532
72445001 41033217
72445001 18372616
72445001 208041817
91042892 14892220
91042892 16312576
91042892 267004350
91042892 8310002
627418192 32248199
1441102933 26839592
1441102933 2896294831
1441102933 553060532
1441102933 1042334540
1441102933 17525171
1441102933 1086500695
1441102933 14892220
1441102933 396872875
1441102933 612512523
1441102933 316843317
18742360 21737474
18742360 2896294831
18742360 81328323
18742360 137623023
18742360 2704191223
18742360 25934849
18742360 21492808
18742360 24670677
2493971545 2962683026
2493971545 2473834436
2493971545 2964394043
107058267 866419561
107058267 2208488821
209194081 2896294831
209194081 2772909676
209194081 345623571
10282082 19884251
10282082 65357124
10282082 101343233
10282082 156453883
10282082 19870967
10282082 228500021
10282082 480819245
10282082 19715689
10282082 68294646
10282082 33853892
10282082 17943743
10282082 13986352
10282082 24670677
2264278117 472243935
2264278117 1083425954
2264278117 2986004447
2264278117 320850121
2264278117 570019372
2264278117 2469622939
2264278117 428384818
2264278117 875495154
2264278117 488775646
35861608 14892220
35861608 22490294
35861608 2896294831
35861608 904276550
274994281 22490294
274994281 279585613
274994281 38107360
274994281 67190925
274994281 5868352
274994281 21351957
274994281 155932355
274994281 140635836
274994281 22391532
274994281 19210640
274994281 308223042
274994281 73258325
274994281 17416879
274994281 18422619
274994281 21492808
274994281 31140913
274994281 44651939
274994281 15537809
274994281 232722610
274994281 103719492
274994281 10054832
274994281 218697713
274994281 516586981
274994281 36241120
274994281 34663615
274994281 409982100
274994281 14754224
274994281 125867143
274994281 115103928
274994281 16970731
274994281 492533551
274994281 17599607
2503793773 2962683026
1653204079 18742360
1653204079 54449164
1653204079 171511618
1653204079 521948309
1653204079 2896294831
1653204079 41033217
1653204079 16312576
1653204079 22490294
1653204079 14892220
1653204079 24056185
16059507 278812963
16059507 32812533
17599607 94460509
17599607 21492808
17599607 516586981
17599607 21351957
17599607 7230802
17599607 21055680
17599607 180954109
17599607 409982100
17599607 22391532
17599607 30460018
17599607 90283172
17599607 36241120
17599607 182168899
17599607 17416879
17599607 67190925
17599607 512710201
17599607 308223042
17599607 274994281
17599607 73258325
17599607 492533551
17599607 44651939
17599607 31140913
17599607 232722610
17599607 10054832
17599607 331418917
17599607 50139838
17599607 323864582
17599607 234870299
17599607 279585613
17599607 218697713
17599607 14754224
17599607 140635836
17943743 10282082
2927305860 161691264
2927305860 904276550
2927305860 219547391
2927305860 92603118
2927305860 32670485
2927305860 1973114983
2927305860 32812533
2927305860 2862295479
2927305860 2905543623
2927305860 2822515269
2927305860 2896294831
2927305860 275775404
125867143 16312576
125867143 5868352
125867143 21351957
125867143 67190925
125867143 8310002
125867143 409982100
125867143 17416879
125867143 36241120
125867143 10054832
125867143 21492808
125867143 516586981
125867143 15537809
125867143 90283172
125867143 512710201
125867143 274994281
125867143 115103928
125867143 50139838
125867143 492533551
125867143 180954109
125867143 17599607
125867143 232722610
125867143 308223042
125867143 15362154
125867143 57758942
125867143 218697713
125867143 19210640
125867143 331418917
125867143 31140913
125867143 44651939
125867143 279585613
125867143 234870299
125867143 182168899
125867143 30460018
125867143 34663615
125867143 15293352
125867143 14754224
611990665 354635776
611990665 1290020689
611990665 2853829540
611990665 79209051
611990665 48940419
611990665 2986004447
611990665 1242631909
611990665 2952958875
611990665 273881607
611990665 570019372
611990665 1278062742
611990665 2741472555
611990665 2896294831
611990665 2822515269
611990665 118072089
611990665 866419561
611990665 1867832688
611990665 307445751
611990665 237486183
611990665 2721306591
611990665 119454465
611990665 1277935974
611990665 1392660572
611990665 24651255
611990665 563657327
611990665 428384818
1226734730 22490294
1226734730 2896294831
1226734730 119454465
1226734730 16312576
430589068 2896294831
430589068 81328323
430589068 16312576
430589068 17525171
430589068 14892220
2962683026 2982573576
2962683026 2840575305
1348308115 14892220
1348308115 21055680
1348308115 34663615
1348308115 516586981
1348308115 15293352
1348308115 15362154
1348308115 21351957
1348308115 21492808
1348308115 125867143
1348308115 94460509
1348308115 10054832
1348308115 14754224
1348308115 18422619
1348308115 19210640
1348308115 5868352
1348308115 492533551
1348308115 323864582
1348308115 90283172
1348308115 180954109
1348308115 331418917
1348308115 182168899
1348308115 140635836
1348308115 57758942
1348308115 22391532
1348308115 409982100
1348308115 36241120
1348308115 234870299
1348308115 308223042
1348308115 44651939
1348308115 512710201
1348308115 218697713
1348308115 274994281
409982100 140635836
409982100 180954109
409982100 21492808
409982100 3057266991
409982100 17416879
409982100 125867143
409982100 94460509
409982100 15362154
409982100 18422619
409982100 234870299
409982100 19210640
521948309 2896294831
521948309 54449164
521948309 16312576
521948309 17525171
521948309 14892220
521948309 24670677
3009322134 3177260053
3009322134 3199902923
3009322134 3164560441
3009322134 3160456561
3009322134 3160021764
3009322134 3154726308
3009322134 3147096961
3009322134 2993346170
3009322134 3123865588
3009322134 3112175140
3009322134 3102562885
3009322134 3020296308
3009322134 3030809865
3009322134 3016187881
3009322134 3012714025
3009322134 3011751216
3009322134 3010520720
3009322134 3009685183
3009322134 3017403429
3009322134 1328491903
3009322134 18742360
3009322134 275775404
3009322134 3015140571
3009322134 13986352
3009322134 1277935974
3009322134 22490294
3009322134 3005518778
3009322134 3008536298
3009322134 17525171
3009322134 2701593354
3009322134 2989123579
3009322134 3006265044
359531671 22391532
359531671 17525171
359531671 81328323
359531671 308223042
359531671 18742360
942613657 587633940
942613657 22490294
942613657 2896294831
942613657 53495049
942613657 866419561
2469622939 311130274
2469622939 2223903938
2469622939 2986004447
2469622939 2987451199
2469622939 22490294
2469622939 2896294831
2469622939 2264278117
2469622939 14892220
2469622939 472243935
2469622939 81328323
2469622939 13007812
2469622939 875495154
2469622939 320850121
2469622939 16312576
253021343 1328885857
253021343 187830708
253021343 14892220
253021343 141155085
43883680 2896294831
43883680 24651255
1083425954 875495154
1083425954 2741472555
1083425954 2688305826
1083425954 89584882
1083425954 563657327
1083425954 320850121
1083425954 3119978199
1083425954 345623571
1083425954 1278062742
1083425954 2264278117
1083425954 2469622939
90283172 2265515228
90283172 3057266991
90283172 38107360
90283172 17416879
90283172 57758942
90283172 232722610
90283172 2224477148
90283172 73258325
90283172 388417409
90283172 15362154
90283172 308223042
90283172 94460509
90283172 53495049
90283172 115103928
2430751909 54449164
2430751909 76495281
2430751909 2986004447
2430751909 875495154
2430751909 2896294831
396872875 316843317
396872875 1441102933
2951204014 3077984573
2951204014 3182130534
2951204014 3207815944
2951204014 307445751
2951204014 1314336656
2951204014 428384818
2951204014 2987451199
2951204014 2160589173
2951204014 2574176198
2951204014 2822515269
2951204014 2905543623
2951204014 14892220
2951204014 2896294831
10054832 38107360
10054832 512710201
10054832 73258325
10054832 182168899
10054832 3057266991
10054832 308223042
10054832 180954109
10054832 3092779319
10054832 94460509
10054832 30460018
10054832 1348308115
22490294 2987451199
22490294 1325479273
22490294 904276550
22490294 17525171
22490294 53495049
14892220 17525171
1719313598 377769285
1719313598 275775404
1719313598 3003186105
1719313598 17525171
1719313598 2862295479
1719313598 142047399
1719313598 53495049
1719313598 20751553
1719313598 2987451199
1719313598 313284216
1719313598 68294646
1719313598 16312576
1719313598 14892220
1719313598 54449164
1719313598 22490294
1719313598 24056185
34663615 924127014
34663615 67190925
34663615 1305277916
20751553 478641097
20751553 18742360
20751553 24670677
20751553 17525171
20751553 13986352
20751553 13007812
20751553 14892220
20751553 16312576
20751553 24056185
2223903938 2986004447
2223903938 1035967069
2223903938 472243935
2223903938 2896294831
2223903938 2382784198
2223903938 320850121
2223903938 2469622939
14808260 323864582
14808260 8310002
14808260 137623023
14808260 81328323
14808260 17525171
14808260 13986352
14808260 14892220
14808260 24670677
14808260 16312576
308882629 2896294831
308882629 170526804
229700807 2896294831
229700807 22490294
229700807 14892220
229700807 13986352
229700807 115103928
229700807 18742360
229700807 17525171
229700807 46662532
3199902923 3023896202
3199902923 3177260053
3199902923 17525171
3199902923 3012714025
3199902923 2989123579
3199902923 3154726308
3199902923 3016187881
3199902923 3123865588
3199902923 3015140571
3199902923 2701593354
3199902923 3010520720
3199902923 3102562885
3199902923 3005518778
3199902923 3147096961
3199902923 3009322134
3199902923 3006265044
3199902923 3017403429
3199902923 2993346170
3199902923 3030809865
3199902923 3164560441
3199902923 3009685183
3199902923 3020296308
3199902923 3160456561
3199902923 3112175140
3199902923 3160021764
3199902923 3011751216
3199902923 3008536298
2873103565 2574176198
2873103565 2896294831
2873103565 53495049
2873103565 2822515269
2873103565 2905543623
70676003 2896294831
70676003 570019372
70676003 254563108
70676003 224009546
143563993 316843317
3015140571 3177260053
3015140571 3199902923
3015140571 3164560441
3015140571 3160456561
3015140571 3160021764
3015140571 3154726308
3015140571 3147096961
3015140571 2993346170
3015140571 3123865588
3015140571 3112175140
3015140571 3102562885
3015140571 3020296308
3015140571 3030809865
3015140571 3016187881
3015140571 3012714025
3015140571 3011751216
3015140571 3010520720
3015140571 3009685183
3015140571 3017403429
3015140571 22490294
3015140571 17525171
3015140571 3009322134
3015140571 3006265044
3015140571 3005518778
3015140571 2989123579
3015140571 2701593354
3015140571 3008536298
2265515228 279585613
2265515228 218697713
2265515228 323864582
2265515228 36241120
2265515228 22391532
2265515228 232722610
2265515228 90283172
2265515228 15537809
57758942 67190925
57758942 21351957
2849991904 22232322
2849991904 70001268
2849991904 2617731666
2849991904 55482548
2849991904 80187373
2849991904 2264770356
2849991904 889048640
2849991904 194861751
2849991904 1653204079
2849991904 521948309
2849991904 94460509
2849991904 259310022
2849991904 171511618
2849991904 1605631742
2849991904 311130274
2849991904 92603118
2849991904 273320527
2849991904 354172611
2849991904 134684256
434986217 350441496
434986217 553060532
434986217 316843317
434986217 373914599
434986217 612512523
434986217 1086500695
146943211 33853892
146943211 14860855
146943211 13007812
8310002 13986352
8310002 267004350
8310002 36241120
8310002 31140913
8310002 17525171
8310002 7189922
8310002 10054832
279485686 2987451199
279485686 2896294831
19870967 18742360
19870967 17525171
84296952 50839570
84296952 866419561
3126905045 2905543623
3126905045 3037180536
3126905045 22490294
2411750658 2473834436
895831303 228500021
895831303 1605631742
895831303 2490698651
895831303 194861751
895831303 397433002
895831303 316895498
895831303 931215810
895831303 237811848
3030809865 3177260053
3030809865 3199902923
3030809865 3164560441
3030809865 3160456561
3030809865 3160021764
3030809865 3154726308
3030809865 3147096961
3030809865 2993346170
3030809865 3123865588
3030809865 3112175140
3030809865 3102562885
3030809865 3020296308
3030809865 2574176198
3030809865 313284216
3030809865 17525171
3030809865 22490294
3030809865 3009322134
3030809865 3006265044
3030809865 3017403429
3030809865 3009685183
3030809865 3011751216
3030809865 3012714025
3030809865 3005518778
3030809865 2989123579
3030809865 3015140571
3030809865 2701593354
3030809865 3010520720
3030809865 3008536298
3030809865 3016187881
587633940 942613657
587633940 832472995
587633940 2896294831
587633940 22490294
587633940 316895498
587633940 76384556
587633940 2283709238
587633940 1314336656
587633940 313019411
587633940 2261037247
587633940 2264770356
587633940 1325479273
587633940 362234651
587633940 79082982
587633940 544850298
587633940 1333518060
587633940 480819245
587633940 148905308
587633940 354172611
531887381 2208488821
531887381 2896294831
531887381 50839570
531887381 222931557
531887381 866419561
531887381 154764191
2560894231 55482548
2560894231 22490294
2560894231 17525171
2560894231 16312576
2560894231 397111561
2477446434 2473980098
2477446434 34663615
2477446434 180954109
230075683 22490294
230075683 2896294831
230075683 14892220
230075683 103535195
230075683 2208488821
230075683 154764191
230075683 317212854
230075683 50839570
331418917 31140913
331418917 3057266991
331418917 30460018
331418917 38107360
331418917 15537809
331418917 17416879
331418917 2224477148
331418917 21492808
331418917 18422619
331418917 232722610
331418917 180954109
331418917 90283172
331418917 5868352
331418917 512710201
331418917 516586981
331418917 492533551
331418917 17599607
331418917 10054832
331418917 19210640
331418917 409982100
2960284971 418603961
2960284971 307445751
2960284971 354635776
2960284971 1420416720
2960284971 119454465
2960284971 2896294831
2960284971 1277935974
2960284971 428384818
3011751216 3177260053
3011751216 3199902923
3011751216 3164560441
3011751216 3160456561
3011751216 3160021764
3011751216 3154726308
3011751216 3147096961
3011751216 2993346170
3011751216 3123865588
3011751216 3112175140
3011751216 3102562885
3011751216 3020296308
3011751216 3030809865
3011751216 3016187881
3011751216 3012714025
3011751216 313284216
3011751216 22490294
3011751216 2896294831
3011751216 1325479273
3011751216 18742360
3011751216 3009685183
3011751216 3009322134
3011751216 3006265044
3011751216 3017403429
3011751216 3005518778
3011751216 2989123579
3011751216 2701593354
3011751216 3015140571
3011751216 3010520720
3011751216 3008536298
84634930 19884251
84634930 170526804
316843317 101493652
316843317 14892220
316843317 22490294
316843317 143563993
316843317 326331249
316843317 1086500695
316843317 373914599
316843317 434986217
316843317 553060532
316843317 350441496
316843317 396872875
316843317 1441102933
316843317 141155085
56315199 222931557
56315199 317212854
56315199 50839570
103535195 142220864
103535195 141435567
103535195 17525171
103535195 2208488821
103535195 230075683
103535195 317212854
103535195 80770438
103535195 154764191
103535195 50839570
103535195 16312576
182168899 10054832
182168899 140635836
182168899 18422619
182168899 21492808
182168899 30460018
182168899 516586981
182168899 16970731
182168899 90283172
182168899 7230802
182168899 232722610
182168899 73258325
182168899 44651939
182168899 492533551
182168899 22391532
182168899 15362154
182168899 155932355
182168899 21055680
182168899 14754224
182168899 409982100
182168899 36241120
182168899 31140913
182168899 21351957
182168899 57758942
182168899 323864582
182168899 19210640
182168899 331418917
182168899 125867143
182168899 234870299
182168899 279585613
182168899 218697713
182168899 15293352
182168899 103719492
182168899 34663615
65357124 137623023
65357124 16566808
65357124 14892220
65357124 17943743
65357124 23614711
65357124 10282082
377769285 14892220
2453779782 323864582
2453779782 140635836
2840575305 2962683026
2840575305 2807798452
224009546 70676003
7230802 15362154
7230802 67190925
7230802 180954109
7230802 274994281
7230802 90283172
7230802 409982100
7230802 36241120
7230802 516586981
7230802 31140913
7230802 21055680
7230802 17599607
7230802 308223042
7230802 331418917
7230802 512710201
7230802 94460509
7230802 73258325
7230802 279585613
7230802 115103928
7230802 125867143
7230802 16970731
7230802 34663615
7230802 44651939
7230802 50139838
7230802 103719492
7230802 323864582
7230802 21351957
7230802 182168899
7230802 234870299
7230802 19210640
7230802 18372616
73258325 94460509
73258325 15293352
73258325 140635836
73258325 155932355
73258325 21492808
73258325 3057266991
73258325 31140913
73258325 15362154
73258325 516586981
73258325 182168899
73258325 10054832
73258325 232722610
73258325 21055680
73258325 36241120
73258325 19210640
73258325 22391532
73258325 34663615
73258325 7230802
73258325 125867143
73258325 50139838
73258325 57758942
73258325 21351957
73258325 180954109
73258325 17599607
73258325 388417409
73258325 234870299
73258325 331418917
73258325 274994281
73258325 218697713
73258325 103719492
3168417115 1303067208
148905308 587633940
1419316580 2896294831
1419316580 2178799784
3182130534 3077984573
3182130534 3045913012
3182130534 3208773749
3182130534 2951204014
3182130534 3044064646
3182130534 3174485969
1325479273 400256197
1325479273 208822670
1325479273 397433002
1325479273 2896294831
1325479273 2574660351
1325479273 2261037247
1325479273 24670677
1325479273 19870967
1325479273 1220197440
1325479273 22490294
1325479273 53495049
1325479273 1314336656
1325479273 275775404
1325479273 313284216
1325479273 587633940
1325479273 278173474
1325479273 13007812
1325479273 18742360
1325479273 14892220
1325479273 17525171
1325479273 16312576
472534378 81328323
472534378 3003186105
472534378 51567066
472534378 18742360
472534378 14892220
472534378 17525171
472534378 904276550
2503818606 2473834436
2503818606 2964394043
1867832688 2896294831
1867832688 89584882
1867832688 611990665
3160456561 3177260053
3160456561 3199902923
3160456561 2896294831
3160456561 2473834436
3160456561 3164560441
3160456561 3020296308
3160456561 3102562885
3160456561 2701593354
3160456561 3015140571
3160456561 3016187881
3160456561 3123865588
3160456561 3112175140
3160456561 3010520720
3160456561 3030809865
3160456561 3011751216
3160456561 3147096961
3160456561 3154726308
3160456561 2989123579
3160456561 3012714025
3160456561 3005518778
3160456561 3009322134
3160456561 3017403429
3160456561 3006265044
3160456561 3008536298
3160456561 3160021764
2208488821 141435567
2208488821 17301514
2208488821 142220864
2208488821 18742360
2208488821 230075683
2208488821 16312576
2208488821 346558823
2208488821 17525171
2208488821 317212854
2208488821 50839570
2208488821 103535195
2208488821 154764191
3165298041 81328323
1328491903 156453883
142220864 103535195
142220864 317212854
142220864 2208488821
142220864 154764191
142220864 50839570
48940419 2952958875
48940419 89584882
48940419 118072089
48940419 611990665
48940419 2896294831
3044064646 3208773749
3044064646 3182130534
3044064646 3174485969
3044064646 3045913012
3044064646 2932665212
3044064646 2574176198
3044064646 2760178693
2421423498 18742360
2421423498 2926746575
2421423498 34663615
2421423498 14754224
2421423498 19210640
2421423498 140635836
2421423498 234870299
2421423498 279585613
145960332 2208488821
145960332 156963552
3102562885 3177260053
3102562885 3199902923
3102562885 3164560441
3102562885 3160456561
3102562885 3160021764
3102562885 3154726308
3102562885 3147096961
3102562885 2993346170
3102562885 3123865588
3102562885 3112175140
3102562885 13986352
3102562885 17525171
3102562885 41033217
3102562885 3010520720
3102562885 2701593354
3102562885 3009322134
3102562885 3006265044
3102562885 3017403429
3102562885 3009685183
3102562885 3030809865
3102562885 3020296308
3102562885 3011751216
3102562885 3005518778
3102562885 2989123579
3102562885 3012714025
3102562885 3016187881
3102562885 3015140571
3102562885 3008536298
7189922 41033217
7189922 14892220
7189922 22490294
7189922 13986352
7189922 13007812
7189922 16312576
7189922 354172611
7189922 24056185
7189922 24670677
7189922 8310002
2490698651 478641097
2490698651 278173474
2490698651 24056185
2490698651 53495049
2490698651 2822515269
2490698651 2896294831
2490698651 895831303
2490698651 378284630
2490698651 461548504
2490698651 903105368
2490698651 1605631742
2490698651 904276550
2490698651 3003186105
2490698651 194861751
2490698651 2261037247
2490698651 39624720
2490698651 2905543623
2490698651 931215810
2490698651 22490294
2490698651 316895498
3154726308 3177260053
3154726308 3199902923
3154726308 3020296308
3154726308 3112175140
3154726308 3011751216
3154726308 3005518778
3154726308 3012714025
3154726308 2989123579
3154726308 3016187881
3154726308 3123865588
3154726308 3015140571
3154726308 2701593354
3154726308 3010520720
3154726308 3102562885
3154726308 3009685183
3154726308 3030809865
3154726308 3006265044
3154726308 2993346170
3154726308 3009322134
3154726308 3164560441
3154726308 3160456561
3154726308 3160021764
3154726308 3017403429
3154726308 3147096961
3154726308 3008536298
2244261288 243614415
2244261288 856326530
89584882 1083425954
89584882 307445751
89584882 2382784198
89584882 2896294831
89584882 735566731
89584882 22490294
89584882 79209051
89584882 1290020689
89584882 1277935974
89584882 70001268
89584882 866419561
2574187433 2987451199
2574187433 22490294
2574187433 2896294831
30541239 2896294831
30541239 2858428760
2353079736 2787602128
38313401 13986352
38313401 2896294831
38313401 397433002
38313401 179133357
38313401 378284630
38313401 14892220
38313401 51567066
38313401 178164261
155196867 249120595
155196867 587633940
155196867 266842855
155196867 362234651
155196867 354172611
358182341 3066081113
358182341 2896294831
358182341 326331249
358182341 1441102933
358182341 187830708
358182341 186106522
358182341 141155085
37725640 18742360
37725640 14892220
37725640 17525171
37725640 16312576
23614711 1115926537
23614711 19405086
23614711 194392309
107249106 2896294831
2849633188 2962683026
2878514652 55482548
2878514652 2560894231
2878514652 2896294831
373839325 612512523
373839325 163113197
516586981 323864582
516586981 21351957
516586981 38107360
516586981 44651939
516586981 67190925
516586981 140635836
516586981 234870299
516586981 182168899
516586981 103719492
516586981 232722610
516586981 73258325
516586981 10054832
516586981 15537809
516586981 30460018
516586981 7230802
516586981 21492808
516586981 94460509
516586981 512710201
516586981 274994281
516586981 21055680
516586981 18422619
516586981 31140913
516586981 19210640
516586981 17599607
516586981 36241120
516586981 155932355
516586981 14754224
516586981 50139838
516586981 90283172
516586981 57758942
516586981 180954109
516586981 125867143
516586981 331418917
516586981 115103928
516586981 15362154
516586981 492533551
516586981 218697713
516586981 34663615
516586981 409982100
516586981 22391532
79082982 22490294
79082982 1333518060
79082982 208796417
79082982 278812963
79082982 2896294831
79082982 354172611
79082982 587633940
79082982 2264770356
79082982 544850298
584556010 2896294831
584556010 24651255
137623023 2896294831
137623023 16312576
137623023 14892220
137623023 278812963
137623023 81328323
137623023 24670677
32812533 3097991625
32812533 65357124
32812533 60004538
32812533 3207815944
32812533 49990544
32812533 3002353708
32812533 2574176198
32812533 2927305860
32812533 208796417
32812533 1220197440
32812533 275775404
32812533 2905543623
32812533 1392660572
32812533 17525171
32812533 16312576
32812533 81328323
32812533 278812963
32812533 16059507
24651255 2896294831
24651255 2932665212
24651255 1278062742
24651255 584556010
24651255 611990665
24651255 43883680
152995321 2967978669
152995321 2896294831
152995321 109237024
152995321 1457594214
260969984 30460018
260969984 18742360
41033217 219547391
41033217 7189922
41033217 3107950219
41033217 3207815944
41033217 49990544
41033217 39903234
21132805 24670677
21132805 19884251
21132805 14892220
21132805 13986352
2982573576 2962683026
22232322 17525171
22232322 13007812
156020312 2896294831
21351957 516586981
21351957 38107360
21351957 19210640
21351957 232722610
21351957 21492808
21351957 18422619
21351957 125867143
21351957 30460018
21351957 5868352
21351957 140635836
21351957 50139838
21351957 67190925
21351957 57758942
21351957 274994281
21351957 7230802
21351957 90283172
21351957 323864582
21351957 308223042
21351957 16970731
21351957 409982100
21351957 36241120
21351957 182168899
21351957 279585613
21351957 492533551
21351957 180954109
21351957 17599607
21351957 512710201
21351957 115103928
21351957 14754224
21351957 94460509
21351957 73258325
21351957 44651939
21351957 331418917
234870299 3092779319
234870299 3057266991
234870299 232722610
234870299 2421423498
234870299 2394249235
234870299 2496645174
1618034204 480819245
3033503267 140635836
3033503267 2962683026
3033503267 2473834436
3112175140 3177260053
3112175140 3199902923
3112175140 3164560441
3112175140 3160456561
3112175140 3160021764
3112175140 3154726308
3112175140 3147096961
3112175140 3123865588
3112175140 1277935974
3112175140 17525171
3112175140 568946399
3112175140 22490294
3112175140 2896294831
3112175140 41033217
3112175140 2701593354
3112175140 3017403429
3112175140 3009685183
3112175140 3030809865
3112175140 3016187881
3112175140 3006265044
3112175140 3008536298
3112175140 3009322134
3112175140 3005518778
3112175140 3015140571
3112175140 2989123579
3112175140 3020296308
3112175140 3011751216
3112175140 3010520720
3112175140 3012714025
3112175140 3102562885
308721189 1038238561
308721189 864896772
308721189 312394656
308721189 16312576
308721189 17525171
308721189 151518043
3012714025 3177260053
3012714025 3199902923
3012714025 3164560441
3012714025 3160456561
3012714025 3160021764
3012714025 3154726308
3012714025 3147096961
3012714025 2993346170
3012714025 3123865588
3012714025 3112175140
3012714025 3102562885
3012714025 3020296308
3012714025 3030809865
3012714025 3016187881
3012714025 3011751216
3012714025 3009322134
3012714025 3006265044
3012714025 3017403429
3012714025 3009685183
3012714025 3005518778
3012714025 2989123579
3012714025 3015140571
3012714025 2701593354
3012714025 3010520720
3012714025 3008536298
3012714025 22490294
570019372 176542028
570019372 2264278117
570019372 2896294831
570019372 1278062742
570019372 563657327
570019372 187830708
570019372 428384818
570019372 70676003
39746141 83212449
39746141 151518043
64570931 18742360
64570931 2896294831
64570931 17525171
64570931 16312576
53495049 46028824
53495049 2495978481
53495049 717276739
53495049 2897066108
53495049 1950329251
53495049 2451968022
53495049 21351957
53495049 237811848
53495049 2896294831
53495049 278173474
53495049 13007812
53495049 17525171
53495049 18742360
53495049 16312576
53495049 22490294
512710201 155932355
512710201 10054832
512710201 18422619
512710201 140635836
512710201 5868352
512710201 34663615
512710201 14754224
512710201 19210640
512710201 21492808
512710201 15537809
512710201 16970731
512710201 125867143
512710201 15293352
512710201 232722610
512710201 30460018
512710201 90283172
512710201 31140913
512710201 409982100
1611464251 2807798452
1611464251 392888385
1611464251 1216119745
1611464251 2722513686
1611464251 243614415
1611464251 627641412
1611464251 187830708
889048640 2418324517
889048640 2896294831
889048640 53495049
717276739 2940050071
717276739 2987451199
717276739 275775404
717276739 2896294831
717276739 2261037247
717276739 2339613373
1303067208 3168417115
1303067208 2560894231
1303067208 563657327
44891721 142047399
44891721 2896294831
44891721 22490294
44891721 16312576
3111886418 22490294
3111886418 53495049
3111886418 2896294831
3003186105 2803483444
3003186105 472534378
3003186105 2987451199
3003186105 461548504
3003186105 2283709238
3003186105 20751553
3003186105 1719313598
3003186105 64137996
3003186105 2418324517
3003186105 460265684
3003186105 1605631742
3003186105 903105368
3003186105 2897066108
3003186105 17525171
3003186105 54449164
3003186105 18742360
3003186105 316895498
3003186105 904276550
3003186105 2490698651
3003186105 931215810
3003186105 194861751
3003186105 2896294831
207547992 2473834436
207547992 177005844
26969693 155196867
134684256 2987451199
134684256 22490294
134684256 2721306591
134684256 2896294831
19715689 228500021
19715689 10282082
2772909676 209194081
2772909676 875495154
2772909676 2986004447
2772909676 2896294831
313284216 2787602128
313284216 2896294831
313284216 316895498
313284216 267004350
313284216 23828209
313284216 51567066
313284216 320020660
313284216 275775404
313284216 145838509
313284216 14808260
313284216 480819245
313284216 10282082
313284216 1314336656
313284216 478641097
313284216 1290020689
313284216 22490294
313284216 58607436
313284216 16312576
313284216 931215810
313284216 2261037247
313284216 576144150
313284216 1325479273
313284216 278812963
313284216 39624720
313284216 259006458
313284216 24670677
313284216 121309328
313284216 354172611
313284216 1328491903
313284216 17525171
313284216 418603961
313284216 186106522
313284216 362234651
313284216 54449164
313284216 41033217
313284216 68294646
313284216 155196867
313284216 53495049
313284216 278173474
313284216 21132805
313284216 13007812
313284216 20751553
313284216 14892220
313284216 24056185
177005844 207547992
2993346170 3177260053
2993346170 3199902923
2993346170 3164560441
2993346170 3160456561
2993346170 3160021764
2993346170 3154726308
2993346170 3147096961
2993346170 3123865588
2993346170 3112175140
2993346170 3102562885
2993346170 3020296308
2993346170 3030809865
2993346170 3016187881
2993346170 3012714025
2993346170 3011751216
2993346170 3010520720
2993346170 3009685183
2993346170 3017403429
2993346170 3015140571
2993346170 3009322134
2993346170 3008536298
2993346170 3006265044
2993346170 3005518778
2993346170 22490294
2993346170 1277935974
2993346170 13986352
2993346170 2989123579
2993346170 2701593354
161691264 22490294
161691264 17525171
161691264 64570931
161691264 16312576
120790661 78086011
120790661 301810758
120790661 163211349
120790661 76495281
120790661 14892220
120790661 22490294
120790661 2896294831
1596294794 2178799784
1596294794 2896294831
1596294794 2447532391
3107950219 3131434643
3107950219 32358893
3010520720 3177260053
3010520720 3199902923
3010520720 3164560441
3010520720 3160456561
3010520720 3160021764
3010520720 3154726308
3010520720 3147096961
3010520720 2993346170
3010520720 3123865588
3010520720 3112175140
3010520720 3102562885
3010520720 3020296308
3010520720 3030809865
3010520720 3016187881
3010520720 3012714025
3010520720 3011751216
3010520720 3009685183
3010520720 2896294831
3010520720 22490294
3010520720 568946399
3010520720 2701593354
3010520720 2989123579
3010520720 3005518778
3010520720 3006265044
3010520720 3008536298
3010520720 3009322134
3010520720 16312576
3010520720 3015140571
3010520720 3017403429
15537809 115103928
15537809 67190925
15537809 103719492
15537809 14754224
15537809 308223042
15537809 323864582
15537809 44651939
15537809 155932355
15537809 21492808
15537809 19210640
15537809 331418917
15537809 18422619
15537809 15362154
15537809 22391532
15537809 516586981
15537809 34663615
15537809 15293352
15537809 31140913
15537809 409982100
15537809 512710201
15537809 274994281
15537809 57758942
15537809 218697713
15537809 279585613
15537809 125867143
15537809 140635836
15537809 232722610
15537809 36241120
15537809 30460018
15537809 8310002
15537809 16312576
3131434643 1314336656
3131434643 390450816
3131434643 1325479273
3131434643 339115312
3131434643 2965788550
3131434643 17525171
3131434643 3107950219
896134807 428384818
896134807 307445751
896134807 119454465
896134807 3092527726
896134807 2721306591
112344733 37725640
112344733 14124881
112344733 903105368
112344733 397111561
112344733 633151142
112344733 354172611
112344733 311130274
112344733 37640488
112344733 156453883
633151142 2940050071
633151142 2418324517
633151142 112344733
1655293610 2473834436
3152131757 24056185
3152131757 2862295479
3152131757 18742360
3152131757 13986352
3152131757 16312576
3152131757 316895498
3152131757 54449164
3152131757 14892220
3152131757 17525171
3152131757 22490294
3152131757 2896294831
238833331 155196867
238833331 198109309
238833331 186933748
238833331 101343233
238833331 81328323
238833331 34663615
320061108 2987451199
320061108 2896294831
140635836 409982100
140635836 73258325
140635836 3057266991
140635836 512710201
3009685183 3177260053
3009685183 3199902923
3009685183 3164560441
3009685183 3160456561
3009685183 3160021764
3009685183 3154726308
3009685183 3147096961
3009685183 3123865588
3009685183 3112175140
3009685183 3102562885
3009685183 3020296308
3009685183 3030809865
3009685183 3016187881
3009685183 3012714025
3009685183 22490294
3009685183 3011751216
3009685183 3010520720
3009685183 2896294831
3009685183 2905543623
3009685183 17525171
3009685183 3017403429
3009685183 3006265044
3009685183 3005518778
3009685183 2701593354
3009685183 2989123579
3009685183 3009322134
3009685183 3015140571
3009685183 3008536298
155932355 21055680
155932355 73258325
155932355 50139838
155932355 18422619
155932355 90283172
155932355 3057266991
155932355 17416879
155932355 274994281
155932355 36241120
155932355 30460018
155932355 57758942
155932355 232722610
155932355 10054832
155932355 15537809
155932355 279585613
155932355 516586981
155932355 2265515228
155932355 19210640
155932355 182168899
155932355 323864582
155932355 409982100
155932355 16970731
155932355 331418917
155932355 15362154
155932355 21351957
155932355 180954109
155932355 512710201
155932355 31140913
155932355 14754224
155932355 21492808
155932355 115103928
155932355 94460509
155932355 34663615
155932355 492533551
155932355 17599607
155932355 15293352
155932355 44651939
2382784198 70001268
2382784198 875495154
2382784198 2986004447
2382784198 2896294831
2382784198 89584882
2382784198 2469622939
2382784198 320850121
1420416720 13007812
1420416720 22490294
1420416720 16312576
1420416720 17525171
3006265044 3177260053
3006265044 3199902923
3006265044 3164560441
3006265044 3160456561
3006265044 3160021764
3006265044 3154726308
3006265044 3147096961
3006265044 3123865588
3006265044 3112175140
3006265044 3102562885
3006265044 3020296308
3006265044 3030809865
3006265044 3016187881
3006265044 22490294
3006265044 3012714025
3006265044 3011751216
3006265044 3010520720
3006265044 3009685183
3006265044 3017403429
3006265044 3015140571
3006265044 3009322134
3006265044 2993346170
3006265044 3008536298
3006265044 13986352
3006265044 2701593354
3006265044 2989123579
3006265044 3005518778
3119978199 1083425954
3119978199 237486183
3119978199 472243935
3119978199 2896294831
3119978199 563657327
3119978199 1278062742
3119978199 397111561
3119978199 2560894231
3119978199 2469622939
2926746575 2473980098
472243935 320850121
472243935 2261542249
472243935 2264278117
472243935 2469622939
472243935 572207383
36241120 94460509
36241120 1348308115
36241120 2494003213
1242631909 354635776
1242631909 118072089
1242631909 2721306591
1242631909 2952958875
1242631909 307445751
1242631909 119454465
1242631909 16312576
2995195624 19210640
2995195624 17525171
2995195624 18742360
2995195624 16312576
37161596 16312576
37161596 17525171
37161596 21737474
37161596 13986352
3008536298 3177260053
3008536298 3199902923
3008536298 3164560441
3008536298 3160456561
3008536298 3160021764
3008536298 3154726308
3008536298 3147096961
3008536298 3123865588
3008536298 3112175140
3008536298 3102562885
3008536298 3020296308
3008536298 3030809865
3008536298 2896294831
3008536298 3016187881
3008536298 22490294
3008536298 3012714025
3008536298 3011751216
3008536298 3010520720
3008536298 3009685183
3008536298 3017403429
3008536298 3015140571
3008536298 3009322134
3008536298 2993346170
3008536298 17525171
3008536298 3006265044
3008536298 3005518778
3008536298 2989123579
3008536298 2701593354
1333518060 79082982
1333518060 2896294831
1333518060 2264770356
1333518060 354172611
1333518060 544850298
1333518060 41033217
1333518060 587633940
1333518060 24056185
1333518060 17525171
1333518060 22490294
1333518060 155196867
1333518060 16312576
23828209 24670677
875495154 30460018
875495154 2986004447
875495154 22490294
875495154 2264278117
875495154 18742360
875495154 16312576
875495154 17525171
875495154 488775646
2704191223 2339613373
2704191223 2311205725
2704191223 2264770356
2704191223 2186212338
2704191223 2520892212
2704191223 18742360
2704191223 2708449916
2704191223 36241120
2704191223 81328323
2704191223 37640488
545036927 2896294831
1605631742 142047399
1605631742 895831303
1605631742 194861751
1605631742 2490698651
1605631742 3003186105
1605631742 2896294831
219547391 2897066108
219547391 904276550
219547391 17525171
219547391 14892220
219547391 354172611
390450816 228500021
390450816 13007812
390450816 30346151
390450816 354172611
390450816 22490294
2741472555 1083425954
2741472555 2574176198
2741472555 237486183
2741472555 611990665
2741472555 563657327
2741472555 1278062742
864896772 64570931
3059115785 316895498
3059115785 2283709238
3059115785 2896294831
339115312 2896294831
339115312 866419561
278173474 13986352
278173474 22490294
278173474 53495049
278173474 186106522
278173474 58607436
278173474 2261037247
278173474 13007812
278173474 275775404
278173474 1325479273
278173474 24056185
278173474 68294646
278173474 313284216
278173474 20751553
278173474 8310002
278173474 16312576
924127014 34663615
924127014 81328323
492533551 3057266991
492533551 21492808
492533551 2224477148
492533551 15293352
492533551 18422619
492533551 30460018
492533551 232722610
492533551 10054832
492533551 516586981
492533551 16970731
492533551 34663615
492533551 19210640
2264770356 22490294
2264770356 2896294831
2264770356 2261037247
2264770356 79082982
2264770356 76384556
2264770356 354172611
2264770356 1333518060
2264770356 14892220
2264770356 587633940
2950866742 904276550
2950866742 2896294831
2721306591 273881607
2721306591 119454465
2721306591 307445751
3023896202 1277935974
3023896202 165916807
3023896202 3160021764
3023896202 122665394
3023896202 172734347
3023896202 3199902923
1443919680 3207815944
1443919680 2896294831
1443919680 428384818
171511618 2160589173
171511618 16312576
58607436 397433002
58607436 278173474
58607436 313284216
1290020689 156453883
1290020689 89584882
1290020689 176542028
1290020689 119454465
1290020689 118072089
1290020689 17525171
1290020689 1278062742
1290020689 418603961
1290020689 56443257
1290020689 313284216
1290020689 428384818
249120595 14892220
249120595 13986352
249120595 17525171
249120595 16312576
1086500695 392888385
1086500695 214034487
1086500695 3066081113
1086500695 243614415
1086500695 14892220
1086500695 16312576
1086500695 2896294831
1086500695 17525171
1086500695 141155085
1086500695 316843317
1086500695 553060532
1086500695 373914599
1086500695 612512523
1086500695 1441102933
1086500695 434986217
1086500695 1216119745
1086500695 350441496
1086500695 187830708
3066081113 243614415
3066081113 627641412
3066081113 326331249
3066081113 1086500695
27137884 2721306591
27137884 2896294831
27137884 24976285
27137884 56443257
27137884 16312576
27137884 13007812
417441631 2421423498
417441631 2501107820
417441631 2926746575
417441631 2388914772
417441631 2532961218
752281441 866419561
752281441 22490294
752281441 2896294831
752281441 16312576
2805055330 2473980098
133081403 356668367
133081403 317212854
133081403 2896294831
133081403 154764191
133081403 50839570
133081403 866419561
1457594214 2896294831
1457594214 152995321
834672494 16312576
51345043 121309328
51345043 49264668
51345043 23614711
51345043 354172611
51345043 1115926537
78086011 163211349
78086011 120790661
78086011 2721306591
78086011 2896294831
78086011 17525171
78086011 76495281
1305277916 3160456561
388417409 21492808
388417409 15537809
388417409 18422619
388417409 125867143
388417409 516586981
388417409 50139838
388417409 34663615
388417409 15362154
388417409 21055680
388417409 115103928
388417409 182168899
388417409 22391532
388417409 19210640
388417409 90283172
388417409 15293352
388417409 274994281
388417409 512710201
388417409 234870299
388417409 10054832
388417409 21351957
388417409 103719492
388417409 180954109
388417409 14754224
388417409 36241120
388417409 44651939
388417409 308223042
388417409 409982100
388417409 331418917
388417409 5868352
388417409 14892220
388417409 140635836
2965788550 3131434643
172734347 2560894231
172734347 17525171
172734347 563657327
1314336656 1325479273
1314336656 2822515269
2547261330 2896294831
838109077 2574176198
838109077 2822515269
838109077 2896294831
838109077 942613657
832472995 24056185
832472995 19884251
832472995 2433667077
832472995 2236428912
832472995 2987451199
832472995 904276550
832472995 2311205725
832472995 278812963
832472995 2905543623
832472995 112344733
832472995 1328491903
832472995 2896294831
832472995 2822515269
832472995 275775404
832472995 480819245
832472995 156453883
832472995 81328323
832472995 17525171
832472995 24670677
832472995 53495049
832472995 13007812
832472995 16312576
832472995 14892220
832472995 22490294
832472995 54449164
832472995 155196867
2495978481 904276550
2495978481 275775404
2495978481 2896294831
275775404 2987451199
275775404 2495978481
275775404 32812533
275775404 107249106
275775404 2896294831
275775404 904276550
275775404 2283709238
275775404 378284630
275775404 1325479273
275775404 278173474
275775404 22490294
275775404 54449164
275775404 17525171
275775404 155196867
14124881 16312576
14124881 2896294831
14124881 46662532
2911969216 563657327
2911969216 1278062742
2473834436 207547992
2473834436 3160456561
2574176198 89584882
2574176198 3208773749
2574176198 2178799784
2574176198 3207815944
2574176198 838109077
2574176198 3044064646
2574176198 13986352
2574176198 3174485969
2574176198 32812533
2574176198 2741472555
2574176198 24651255
2574176198 2896294831
2574176198 472534378
2574176198 942613657
2574176198 3077984573
2574176198 2987451199
2574176198 904276550
2574176198 1973114983
2574176198 24056185
2574176198 2897066108
2574176198 2873103565
2574176198 361597690
2574176198 2905543623
2574176198 2822515269
2574176198 22490294
305985488 278812963
305985488 101343233
305985488 2896294831
305985488 22490294
305985488 354172611
305985488 16566808
3174485969 3182130534
3174485969 2178799784
3174485969 2982111250
3174485969 3044064646
3174485969 2896294831
3174485969 2574176198
3174485969 3045913012
3174485969 2932665212
571273172 2825259262
571273172 64570931
392081365 18372616
392081365 17525171
392081365 16312576
488775646 1278062742
488775646 16312576
488775646 2264278117
488775646 397111561
488775646 76495281
488775646 875495154
488775646 563657327
2986004447 2382784198
2986004447 2264278117
2986004447 320850121
2986004447 2469622939
2986004447 875495154
2986004447 16312576
2411852802 173336580
2683338727 2236428912
2683338727 18742360
2683338727 17525171
2683338727 2987451199
2683338727 16312576
2683338727 2896294831
2683338727 22490294
2683338727 275775404
2683338727 14892220
2683338727 53495049
3016187881 3177260053
3016187881 3199902923
3016187881 3164560441
3016187881 3160456561
3016187881 3160021764
3016187881 3154726308
3016187881 3147096961
3016187881 2993346170
3016187881 3123865588
3016187881 3112175140
3016187881 3102562885
3016187881 3020296308
3016187881 3030809865
3016187881 22490294
3016187881 2701593354
3016187881 3010520720
3016187881 3008536298
3016187881 3015140571
3016187881 2989123579
3016187881 3012714025
3016187881 3005518778
3016187881 3011751216
3016187881 3009685183
3016187881 3017403429
3016187881 3006265044
3016187881 3009322134
80187373 17525171
80187373 16312576
126164975 194978005
218697713 3057266991
218697713 46662532
218697713 3126905045
218697713 480819245
3123865588 3177260053
3123865588 3199902923
3123865588 3164560441
3123865588 3160456561
3123865588 3160021764
3123865588 3154726308
3123865588 3147096961
3123865588 2701593354
3123865588 41033217
3123865588 3020296308
3123865588 3016187881
3123865588 3017403429
3123865588 3015140571
3123865588 3011751216
3123865588 3009322134
3123865588 3012714025
3123865588 3009685183
3123865588 3005518778
3123865588 3006265044
3123865588 3008536298
3123865588 2989123579
3123865588 3030809865
3123865588 3102562885
3123865588 3010520720
3123865588 3112175140
3034017781 3042579528
3034017781 15000492
68294646 2160589173
68294646 186106522
68294646 313284216
68294646 278173474
68294646 24056185
68294646 10282082
68294646 13007812
68294646 16312576
307445751 17525171
307445751 1242631909
307445751 22490294
307445751 2721306591
307445751 119454465
307445751 16312576
259006458 1278062742
259006458 362234651
259006458 2896294831
259006458 22490294
259006458 313284216
259006458 53495049
259006458 14892220
259006458 24056185
259006458 16312576
2989123579 3177260053
2989123579 3199902923
2989123579 3164560441
2989123579 3160456561
2989123579 3160021764
2989123579 3154726308
2989123579 3147096961
2989123579 3123865588
2989123579 3112175140
2989123579 3102562885
2989123579 3020296308
2989123579 3030809865
2989123579 3016187881
2989123579 22490294
2989123579 3012714025
2989123579 3011751216
2989123579 3010520720
2989123579 3009685183
2989123579 3017403429
2989123579 3015140571
2989123579 3009322134
2989123579 3008536298
2989123579 3006265044
2989123579 3005518778
2989123579 41033217
2989123579 2993346170
2989123579 2896294831
2989123579 1277935974
2989123579 17525171
2989123579 13986352
2989123579 2701593354
