354635776
101343233
39903234
173336580
2433667077
323864582
18372616
1115926537
17301514
21737474
39624720
50839570
2394249235
2451968022
350441496
141435567
49264668
2253389858
538972199
3002353708
480819245
824045622
214034487
2964394043
392888385
217673795
2494003213
2653468754
170526804
163211349
2666020950
1392660572
1328885857
237486183
15362154
346558823
2501107820
2982111250
30460018
345623571
3020296308
3208773749
2261542249
2897066108
198109309
2496645174
165916807
237811848
67190925
121309328
46028824
354172611
1345648788
1278062742
72372381
83212449
2446026914
142047399
2178799784
397433002
232722610
553060532
317212854
115103928
60004538
2261037247
21055680
2473980098
81328323
320850121
460265684
194978005
24056185
549236954
19884251
3017403429
38107360
2787602128
516868322
373001254
2836429030
355135721
163113197
194392309
2825259262
16312576
397111561
316895498
572207383
3042579528
19405086
2280470815
278812963
80770438
37640488
76384556
3057266991
3092779319
568946399
3077984573
29925696
347574326
176542028
3164560441
2858428760
161245537
1277935974
2447532391
177703283
2160589173
56443257
544850298
856326530
32248199
208822670
2298745231
19210640
92603118
1249846344
271591834
1950329251
145838509
14754224
76495281
122665394
17525171
3045913012
2862295479
267004350
931215810
33853892
259310022
17885639
3097991625
44651939
24670677
51567066
197127248
55482548
402938543
32358893
1514224112
186933748
208796417
2180073983
2815836672
273881607
1477595658
16566808
178164261
26839592
2463920684
155910701
13986352
428384818
228500021
14860855
187830708
103719492
2822515269
904276550
217285192
2887869004
299191394
273320527
2617731666
2388914772
378284630
432595543
79209051
94460509
222931557
1973114983
3092527726
563657327
2236428912
773730930
70001268
3037180536
2708449916
297990783
400256197
202623619
2722513686
2491529862
1377991304
2940050071
186106522
2688305826
418423461
2799217323
2967978669
17416879
304679027
2807798452
194861751
2339613373
50139838
243614415
156963552
266842855
22391532
2798748398
2281474801
361597690
2574660351
119454465
436351747
3160021764
308488966
3207815944
2701593354
612512523
64137996
141155085
32670485
576144150
118072089
362234651
52319005
109237024
254563108
2928018217
63986474
2520892212
2283709238
2803483444
2987451199
5868352
377330497
1042334540
279585613
903105368
3033690970
18422619
2311205725
1038238561
866419561
326331249
2932665212
3147096961
46662532
1714283762
157801354
735566731
49990544
101493652
449989526
2952958875
24976285
154764191
312394656
2483491746
2853829540
30346151
15293352
135734185
15000492
179133357
2896294831
13940582
2273303479
418603961
3005518778
1035967069
1657695168
1216119745
2532961218
13007812
2429006790
2905543623
478641097
311130274
356668367
248880082
2236629973
461548504
2988635099
2224477148
303131615
260103138
158041059
373914599
16970731
235033585
2186212338
156453883
180954109
2236783614
25934849
263238658
2760178693
54449164
313019411
3177260053
208041817
1603580958
563450912
151518043
2418324517
2726083622
31140913
155106356
2842483768
320020660
2361865279
1220197440
254194753
308223042
627641412
301810758
21492808
72445001
91042892
627418192
1441102933
18742360
2493971545
107058267
209194081
10282082
2264278117
35861608
274994281
2503793773
1653204079
16059507
17599607
17943743
2927305860
125867143
611990665
1226734730
430589068
2962683026
1348308115
409982100
521948309
3009322134
359531671
942613657
2469622939
253021343
43883680
1083425954
90283172
2430751909
396872875
2951204014
10054832
22490294
14892220
1719313598
34663615
20751553
2223903938
14808260
308882629
229700807
3199902923
2873103565
70676003
143563993
3015140571
2265515228
57758942
2849991904
434986217
146943211
8310002
279485686
19870967
84296952
3126905045
2411750658
895831303
3030809865
587633940
531887381
2560894231
2477446434
230075683
331418917
2960284971
3011751216
84634930
316843317
56315199
103535195
182168899
65357124
377769285
2453779782
2840575305
224009546
7230802
73258325
3168417115
148905308
1419316580
3182130534
1325479273
472534378
2503818606
1867832688
3160456561
2208488821
3165298041
1328491903
142220864
48940419
3044064646
2421423498
145960332
3102562885
7189922
2490698651
3154726308
2244261288
89584882
2574187433
30541239
2353079736
38313401
155196867
358182341
37725640
23614711
107249106
2849633188
2878514652
373839325
516586981
79082982
584556010
137623023
32812533
24651255
152995321
260969984
41033217
21132805
2982573576
22232322
156020312
21351957
234870299
1618034204
3033503267
3112175140
308721189
3012714025
570019372
39746141
64570931
53495049
512710201
1611464251
889048640
717276739
1303067208
44891721
3111886418
3003186105
207547992
26969693
134684256
19715689
2772909676
313284216
177005844
2993346170
161691264
120790661
1596294794
3107950219
3010520720
15537809
3131434643
896134807
112344733
633151142
1655293610
3152131757
238833331
320061108
140635836
3009685183
155932355
2382784198
1420416720
3006265044
3119978199
2926746575
472243935
36241120
1242631909
2995195624
37161596
3008536298
1333518060
23828209
875495154
2704191223
545036927
1605631742
219547391
390450816
2741472555
864896772
3059115785
339115312
278173474
924127014
492533551
2264770356
2950866742
2721306591
3023896202
1443919680
171511618
58607436
1290020689
249120595
1086500695
3066081113
27137884
417441631
752281441
2805055330
133081403
1457594214
834672494
51345043
78086011
1305277916
388417409
2965788550
172734347
1314336656
2547261330
838109077
832472995
2495978481
275775404
14124881
2911969216
2473834436
2574176198
305985488
3174485969
571273172
392081365
488775646
2986004447
2411852802
2683338727
3016187881
80187373
126164975
218697713
3123865588
3034017781
68294646
307445751
259006458
2989123579
